0 0.5479166666666667 0.46620370370370373 0.005208333333333333 0.012037037037037037
3 0.36302083333333335 0.2134814814814815 0.014583333333333334 0.03808333333333334
2 0.41770833333333335 0.24814814814814815 0.014583333333333334 0.03333333333333333
2 0.6807395833333333 0.32546296296296295 0.018776041666666667 0.05092592592592592
2 0.7458333333333333 0.3416666666666667 0.013541666666666667 0.05555555555555555
2 0.5567708333333333 0.4444444444444444 0.01875 0.05740740740740741
2 0.7731770833333333 0.43703703703703706 0.0171875 0.06481481481481481
2 0.6794010416666667 0.4527777777777778 0.02234375 0.06111111111111111
2 0.48072916666666665 0.34120370370370373 0.011458333333333333 0.05277777777777778
3 0.32473958333333336 0.41203703703703703 0.0140625 0.05740740740740741
2 0.37578125 0.2962962962962963 0.0109375 0.04814814814814815
2 0.38046875 0.39444444444444443 0.015104166666666667 0.05555555555555555
3 0.9651041666666667 0.7967592592592593 0.027083333333333334 0.09351851851851851
2 0.56875 0.5180555555555556 0.013541666666666667 0.06388888888888888
2 0.2359375 0.39861111111111114 0.014583333333333334 0.06018518518518518
2 0.1125 0.5537037037037037 0.016666666666666666 0.06851851851851852
2 0.4427083333333333 0.7319444444444444 0.019791666666666666 0.0824074074074074
2 0.6541666666666667 0.6199074074074075 0.017708333333333333 0.0787037037037037
2 0.35598958333333336 0.48333333333333334 0.0140625 0.06666666666666667
2 0.22239583333333332 0.4550925925925926 0.01875 0.06574074074074074
2 0.8760416666666667 0.5300925925925926 0.026041666666666668 0.075
2 0.2557291666666667 0.4842592592592593 0.01875 0.06666666666666667
2 0.30859375 0.6421296296296296 0.0171875 0.07314814814814814
2 0.15963541666666667 0.5666666666666667 0.015104166666666667 0.07592592592592592