2 0.5636041666666666 0.2505833333333333 0.013229166666666665 0.04598148148148148
2 0.565625 0.27037037037037037 0.016666666666666666 0.04259259259259259
2 0.44036458333333334 0.26157407407407407 0.009895833333333333 0.041666666666666664
3 0.24921875 0.22268518518518518 0.009895833333333333 0.03981481481481482
2 0.4296875 0.25416666666666665 0.013541666666666667 0.04537037037037037
2 0.7005208333333334 0.3675925925925926 0.009375 0.05185185185185185
2 0.23958333333333334 0.2601851851851852 0.009375 0.046296296296296294
2 0.5130208333333334 0.26851851851851855 0.011458333333333333 0.04814814814814815
2 0.7083333333333334 0.2953703703703704 0.013541666666666667 0.05
2 0.44869791666666664 0.32083333333333336 0.015104166666666667 0.05277777777777778
2 0.42994791666666665 0.31296296296296294 0.0140625 0.05185185185185185
2 0.6723958333333333 0.3023148148148148 0.017708333333333333 0.05092592592592592
2 0.6026041666666667 0.3824074074074074 0.016666666666666666 0.05740740740740741
2 0.7809895833333333 0.33796296296296297 0.018229166666666668 0.05555555555555555
2 0.26901041666666664 0.30416666666666664 0.019270833333333334 0.049074074074074076
2 0.8203125 0.34953703703703703 0.0125 0.05462962962962963
3 0.6192708333333333 0.325 0.016666666666666666 0.05185185185185185
2 0.7817708333333333 0.40370370370370373 0.01875 0.06111111111111111
2 0.18411458333333333 0.3768518518518518 0.015104166666666667 0.05555555555555555
2 0.82734375 0.5462962962962963 0.016145833333333335 0.06666666666666667
2 0.3067708333333333 0.525 0.017708333333333333 0.07407407407407407
2 0.80234375 0.6259259259259259 0.021354166666666667 0.07777777777777778
0 0.36128645833333334 0.27817592592592594 0.0066145833333333326 0.008722222222222221