3 0.3580729166666667 0.4532407407407407 0.0171875 0.049074074074074076
2 0.38984375 0.29259259259259257 0.011979166666666667 0.03148148148148148
2 0.26197916666666665 0.36527777777777776 0.0125 0.04722222222222222
2 0.36484375 0.5050925925925925 0.0109375 0.05648148148148148
1 0.9520833333333333 0.405287037037037 0.01875 0.049074074074074076
2 0.421875 0.39861111111111114 0.010416666666666666 0.04722222222222222
2 0.60625 0.3773148148148148 0.013541666666666667 0.04351851851851852
2 0.6205729166666667 0.7018518518518518 0.018229166666666668 0.07407407407407407
2 0.56953125 0.38796296296296295 0.0140625 0.05
2 0.5427083333333333 0.7018518518518518 0.020833333333333332 0.07222222222222222
2 0.4005208333333333 0.6013888888888889 0.017708333333333333 0.06574074074074074
2 0.7083333333333334 0.4609166666666667 0.017546875 0.05887037037037037
3 0.8886510416666666 0.710138888888889 0.02373958333333333 0.0813888888888889
2 0.24088541666666666 0.4722222222222222 0.0140625 0.05555555555555555
2 0.6427083333333333 0.7078703703703704 0.03229166666666667 0.062037037037037036
2 0.38460937500000003 0.7060092592592593 0.022338541666666666 0.06943518518518518
2 0.7825520833333334 0.5972222222222222 0.0203125 0.05925925925925926
2 0.6817708333333333 0.55 0.013541666666666667 0.06111111111111111
2 0.46145833333333336 0.6129629629629629 0.020833333333333332 0.06851851851851852
2 0.23932291666666666 0.6074074074074074 0.0203125 0.07037037037037037
2 0.27369791666666665 0.6041666666666666 0.019270833333333334 0.06759259259259259
2 0.209375 0.6388888888888888 0.017708333333333333 0.06851851851851852
2 0.5828125 0.5185185185185185 0.013541666666666667 0.05555555555555555
0 0.6190677083333332 0.72175 0.0069635416666666665 0.01400925925925926
3 0.2667552083333333 0.2654722222222222 0.007713541666666667 0.03579629629629629