3 0.22005208333333334 0.22685185185185186 0.015104166666666667 0.03888888888888889
2 0.55859375 0.26481481481481484 0.013020833333333334 0.044444444444444446
2 0.5669270833333333 0.26990740740740743 0.018229166666666668 0.04351851851851852
2 0.4199114583333333 0.24900000000000003 0.01690625 0.04089814814814815
3 0.5830729166666667 0.3194444444444444 0.011979166666666667 0.05185185185185185
2 0.39088541666666665 0.2462962962962963 0.013020833333333334 0.05
2 0.21145833333333333 0.2638888888888889 0.008333333333333333 0.05
2 0.6301041666666667 0.3253240740740741 0.014380208333333333 0.05436111111111111
2 0.48411458333333335 0.27870370370370373 0.011979166666666667 0.04814814814814815
2 0.8778645833333333 0.44305555555555554 0.015104166666666667 0.06018518518518518
2 0.76484375 0.3277777777777778 0.011979166666666667 0.05555555555555555
2 0.81328125 0.39814814814814814 0.0109375 0.06666666666666667
2 0.41953125 0.3365740740740741 0.015104166666666667 0.058333333333333334
2 0.45234375 0.3425925925925926 0.013020833333333334 0.05555555555555555
2 0.7440104166666667 0.3712962962962963 0.0140625 0.05925925925925926
2 0.8924479166666667 0.5277777777777778 0.0234375 0.07222222222222222
2 0.5864583333333333 0.40370370370370373 0.016666666666666666 0.05925925925925926
2 0.27578125 0.3578703703703704 0.015104166666666667 0.058333333333333334
2 0.6627604166666666 0.6620370370370371 0.021354166666666667 0.07962962962962963
2 0.1328125 0.3726851851851852 0.011458333333333333 0.06018518518518518
2 0.21484375 0.537962962962963 0.0203125 0.07777777777777778
0 0.3876875 0.26899999999999996 0.004338541666666667 0.008481481481481482
2 0.6356927083333334 0.32422222222222224 0.015333333333333334 0.04649074074074074