2 0.3470416666666667 0.5156111111111111 0.01328125 0.036787037037037035
3 0.7650989583333333 0.9020555555555556 0.032296874999999996 0.06336111111111112
1 0.0546875 0.5314814814814814 0.010416666666666666 0.03518518518518519
2 0.4596354166666667 0.4583333333333333 0.0067708333333333336 0.02962962962962963
2 0.6520833333333333 0.5037037037037037 0.009375 0.037037037037037035
2 0.17734375 0.6712962962962963 0.0171875 0.05
2 0.4588541666666667 0.5740740740740741 0.0125 0.044444444444444446
2 0.6671875 0.5689814814814815 0.008333333333333333 0.04351851851851852
2 0.5161458333333333 0.7069444444444445 0.010416666666666666 0.058333333333333334
2 0.28411458333333334 0.5837962962962963 0.0109375 0.04537037037037037
3 0.4981770833333333 0.5879629629629629 0.011979166666666667 0.046296296296296294
2 0.29661458333333335 0.6333333333333333 0.0140625 0.05185185185185185
2 0.5434895833333333 0.7407407407407407 0.013020833333333334 0.06111111111111111
2 0.3458333333333333 0.7722222222222223 0.015625 0.06111111111111111
2 0.559375 0.7 0.0125 0.053703703703703705
2 0.45208333333333334 0.6388888888888888 0.016666666666666666 0.05185185185185185
2 0.57421875 0.6064814814814815 0.013020833333333334 0.04814814814814815
2 0.53515625 0.674074074074074 0.015104166666666667 0.053703703703703705
2 0.7299479166666667 0.6805555555555556 0.0203125 0.053703703703703705
2 0.05234375 0.7217592592592592 0.013020833333333334 0.05092592592592592
2 0.31536458333333334 0.6333333333333333 0.016145833333333335 0.04814814814814815
2 0.41770833333333335 0.8384259259259259 0.020833333333333332 0.06388888888888888
2 0.3421041666666667 0.5378796296296297 0.0133125 0.04814814814814815
3 0.3836822916666666 0.39031481481481484 0.006953125 0.0254537037037037
0 0.7331614583333333 0.7029722222222222 0.0066927083333333335 0.012861111111111111