2 0.5096354166666667 0.39537037037037037 0.0067708333333333336 0.03333333333333333
2 0.6950520833333333 0.4638888888888889 0.0109375 0.04259259259259259
2 0.47630208333333335 0.34120370370370373 0.005729166666666666 0.026851851851851852
1 0.9822916666666667 0.44675925925925924 0.010416666666666666 0.041666666666666664
2 0.40729166666666666 0.38472222222222224 0.007291666666666667 0.03425925925925926
1 0.11041666666666666 0.4324074074074074 0.007291666666666667 0.03888888888888889
2 0.7491249999999999 0.36989814814814814 0.011098958333333332 0.03610185185185185
2 0.7145833333333333 0.38657407407407407 0.007291666666666667 0.032407407407407406
2 0.5450520833333333 0.5458333333333333 0.009895833333333333 0.049074074074074076
2 0.709375 0.4615740740740741 0.009375 0.041666666666666664
2 0.4544270833333333 0.3819444444444444 0.0078125 0.03425925925925926
3 0.48489583333333336 0.5 0.009375 0.046296296296296294
2 0.39557291666666666 0.49907407407407406 0.009895833333333333 0.04814814814814815
2 0.49166666666666664 0.44675925925925924 0.007291666666666667 0.03796296296296296
2 0.35989583333333336 0.4337962962962963 0.007291666666666667 0.041666666666666664
2 0.35130208333333335 0.6444444444444445 0.011979166666666667 0.05925925925925926
2 0.3536458333333333 0.5078703703703704 0.009375 0.049074074074074076
2 0.27578125 0.7509259259259259 0.0140625 0.06111111111111111
2 0.37161458333333336 0.43194444444444446 0.008854166666666666 0.03981481481481482
2 0.5390625 0.46574074074074073 0.009375 0.04259259259259259
2 0.5315104166666667 0.774537037037037 0.015104166666666667 0.06944444444444445
2 0.79609375 0.6291666666666667 0.013020833333333334 0.05648148148148148
3 0.42933333333333334 0.30960185185185185 0.006338541666666667 0.024305555555555556
0 0.7425833333333334 0.3811574074074074 0.003864583333333333 0.007935185185185186
2 0.6127916666666666 0.31377777777777777 0.007984375 0.026074074074074076