2 0.39411979166666666 0.43828703703703703 0.011479166666666667 0.039009259259259264
1 0.015364583333333333 0.42962962962962964 0.013020833333333334 0.03888888888888889
2 0.44427083333333334 0.31157407407407406 0.009375 0.026851851851851852
2 0.27682291666666664 0.41759259259259257 0.0078125 0.04259259259259259
2 0.28158854166666664 0.5143796296296296 0.018395833333333333 0.050305555555555555
2 0.596875 0.3675925925925926 0.007291666666666667 0.03518518518518519
2 0.46640625 0.36527777777777776 0.0078125 0.03611111111111111
2 0.284375 0.41805555555555557 0.009375 0.04537037037037037
2 0.328125 0.3648148148148148 0.008333333333333333 0.03518518518518519
2 0.3932291666666667 0.3277777777777778 0.007291666666666667 0.03333333333333333
3 0.3919270833333333 0.4537037037037037 0.011979166666666667 0.044444444444444446
2 0.8895833333333333 0.4064814814814815 0.010416666666666666 0.04259259259259259
2 0.6630208333333333 0.33055555555555555 0.009375 0.03518518518518519
2 0.4713541666666667 0.5111111111111111 0.008333333333333333 0.04814814814814815
2 0.57578125 0.39814814814814814 0.0078125 0.03888888888888889
2 0.5940104166666667 0.43842592592592594 0.008854166666666666 0.041666666666666664
2 0.45703125 0.4689814814814815 0.009895833333333333 0.04722222222222222
2 0.3338541666666667 0.47685185185185186 0.008333333333333333 0.046296296296296294
3 0.9783697916666667 0.8246203703703704 0.020468749999999997 0.08072222222222222
2 0.8122395833333333 0.4949074074074074 0.015104166666666667 0.04537037037037037
2 0.27630208333333334 0.6046296296296296 0.0109375 0.05740740740740741
2 0.3614583333333333 0.5611111111111111 0.011458333333333333 0.05555555555555555
2 0.46640625 0.8060185185185185 0.027604166666666666 0.06944444444444445
0 0.8063854166666666 0.5125648148148149 0.005291666666666667 0.009509259259259259
2 0.5336197916666666 0.2843425925925926 0.011192708333333332 0.03375925925925926
3 0.35429166666666667 0.28756481481481483 0.008567708333333333 0.027962962962962964