3 0.21067708333333332 0.36018518518518516 0.009895833333333333 0.025925925925925925
2 0.3690104166666667 0.3875 0.0078125 0.032407407407407406
2 0.25234375 0.41944444444444445 0.0109375 0.037037037037037035
1 0.8416666666666667 0.45092592592592595 0.009375 0.037037037037037035
2 0.25755208333333335 0.4550925925925926 0.0067708333333333336 0.03611111111111111
2 0.74921875 0.4976851851851852 0.009895833333333333 0.04537037037037037
2 0.3572916666666667 0.4134259259259259 0.008333333333333333 0.032407407407407406
3 0.4557291666666667 0.5199722222222223 0.009375 0.04537037037037037
2 0.6299479166666667 0.43703703703703706 0.0067708333333333336 0.040740740740740744
2 0.45208333333333334 0.48009259259259257 0.007291666666666667 0.03796296296296296
3 0.9593802083333334 0.6932592592592592 0.023947916666666666 0.05860185185185185
2 0.19947916666666668 0.7208333333333333 0.016666666666666666 0.06574074074074074
2 0.5763020833333333 0.42268518518518516 0.0109375 0.03981481481481482
2 0.20963541666666666 0.4685185185185185 0.0109375 0.04259259259259259
2 0.32734375 0.6027777777777777 0.0109375 0.053703703703703705
2 0.8575520833333333 0.7041666666666667 0.0140625 0.0712962962962963
2 0.7341145833333333 0.5393518518518519 0.0109375 0.049074074074074076
2 0.42916666666666664 0.49212962962962964 0.011458333333333333 0.04537037037037037
2 0.4427083333333333 0.8231481481481482 0.022916666666666665 0.06666666666666667
2 0.18229166666666666 0.5254629629629629 0.0125 0.04351851851851852
2 0.7859375 0.6444444444444445 0.015625 0.05925925925925926
2 0.42291666666666666 0.6041666666666666 0.014583333333333334 0.05462962962962963
2 0.18046875 0.6199074074074075 0.015104166666666667 0.05462962962962963
2 0.303125 0.7620370370370371 0.013541666666666667 0.06851851851851852
0 0.8262552083333333 0.45741666666666664 0.005390625 0.009611111111111112