2 0.32317708333333334 0.2657407407407407 0.0078125 0.02962962962962963
3 0.24088541666666666 0.25 0.009895833333333333 0.027777777777777776
2 0.29921875 0.26944444444444443 0.009895833333333333 0.03148148148148148
1 0.9616770833333333 0.3074074074074074 0.011979166666666667 0.040740740740740744
2 0.4697395833333333 0.27708333333333335 0.009473958333333334 0.03473148148148148
2 0.5984375 0.2652777777777778 0.011458333333333333 0.03796296296296296
2 0.378125 0.30324074074074076 0.007291666666666667 0.03981481481481482
2 0.43463541666666666 0.33611111111111114 0.008854166666666666 0.040740740740740744
3 0.42552083333333335 0.35648148148148145 0.011458333333333333 0.04259259259259259
2 0.7752604166666667 0.27685185185185185 0.0109375 0.037037037037037035
2 0.33567708333333335 0.2861111111111111 0.011979166666666667 0.03148148148148148
2 0.25 0.4074074074074074 0.015625 0.044444444444444446
2 0.62578125 0.30787037037037035 0.008854166666666666 0.03796296296296296
2 0.2553229166666667 0.29224074074074075 0.009140625000000001 0.032185185185185185
2 0.35651041666666666 0.3351851851851852 0.0109375 0.04259259259259259
2 0.6604166666666667 0.28194444444444444 0.010416666666666666 0.03981481481481482
2 0.6942708333333333 0.4083333333333333 0.014583333333333334 0.05
3 0.9714479166666667 0.7921574074074074 0.02480729166666667 0.08247222222222221
2 0.20390625 0.35185185185185186 0.0109375 0.044444444444444446
2 0.6736979166666667 0.44027777777777777 0.011979166666666667 0.05277777777777778
2 0.49921875 0.5296296296296297 0.011979166666666667 0.05925925925925926
2 0.22369791666666666 0.49675925925925923 0.015104166666666667 0.05277777777777778
0 0.30611979166666664 0.269037037037037 0.0036197916666666666 0.006592592592592593
2 0.25231770833333333 0.28983333333333333 0.008619791666666666 0.037814814814814815
2 0.4691822916666667 0.26728703703703705 0.01040625 0.03443518518518518