2 0.5153645833333333 0.27037037037037037 0.008854166666666666 0.03333333333333333
2 0.5236979166666667 0.27824074074074073 0.008854166666666666 0.03425925925925926
2 0.2799479166666667 0.2657407407407407 0.0078125 0.03148148148148148
2 0.23958333333333334 0.275 0.013541666666666667 0.03518518518518519
2 0.754671875 0.42407407407407405 0.014546874999999999 0.05
2 0.234375 0.31157407407407406 0.009375 0.03796296296296296
1 0.8333333333333334 0.275 0.010416666666666666 0.03518518518518519
2 0.6135416666666667 0.25972222222222224 0.007291666666666667 0.03425925925925926
2 0.6177083333333333 0.29907407407407405 0.010416666666666666 0.03888888888888889
2 0.5809895833333333 0.2462962962962963 0.0067708333333333336 0.03333333333333333
2 0.21223958333333334 0.31574074074074077 0.009895833333333333 0.03888888888888889
2 0.2598958333333333 0.2953703703703704 0.011458333333333333 0.03518518518518519
3 0.44140625 0.36064814814814816 0.011979166666666667 0.041666666666666664
2 0.315625 0.3226851851851852 0.008333333333333333 0.041666666666666664
2 0.74921875 0.2587962962962963 0.0109375 0.032407407407407406
2 0.23411458333333332 0.45694444444444443 0.015104166666666667 0.05092592592592592
2 0.21171875 0.38842592592592595 0.016145833333333335 0.04537037037037037
2 0.37942708333333336 0.3541666666666667 0.0109375 0.04351851851851852
2 0.3484375 0.36018518518518516 0.0125 0.046296296296296294
2 0.640625 0.44722222222222224 0.010416666666666666 0.05185185185185185
2 0.4114583333333333 0.6037037037037037 0.0125 0.07037037037037037
2 0.25807291666666665 0.537962962962963 0.018229166666666668 0.05555555555555555
3 0.218140625 0.2508888888888889 0.012635416666666668 0.030740740740740742