1 0.15703125 0.45 0.008854166666666666 0.03888888888888889
2 0.07057291666666667 0.5180555555555556 0.0140625 0.041666666666666664
2 0.39895833333333336 0.3712962962962963 0.007291666666666667 0.03333333333333333
2 0.6677083333333333 0.32083333333333336 0.00625 0.025
2 0.43307291666666664 0.37453703703703706 0.0078125 0.03611111111111111
2 0.7614583333333333 0.4300925925925926 0.009375 0.03611111111111111
2 0.33307291666666666 0.49166666666666664 0.0078125 0.046296296296296294
2 0.7635416666666667 0.38657407407407407 0.009375 0.03425925925925926
2 0.25390625 0.45925925925925926 0.008854166666666666 0.040740740740740744
2 0.15390625 0.5023148148148148 0.009895833333333333 0.03425925925925926
2 0.7229166666666667 0.46805555555555556 0.010416666666666666 0.03425925925925926
2 0.5169270833333334 0.4310185185185185 0.008854166666666666 0.03981481481481482
2 0.375 0.5083333333333333 0.010416666666666666 0.046296296296296294
2 0.44557291666666665 0.5111111111111111 0.011979166666666667 0.044444444444444446
2 0.7231770833333333 0.6388888888888888 0.013020833333333334 0.05740740740740741
2 0.7744791666666667 0.46944444444444444 0.015625 0.040740740740740744
2 0.5815104166666667 0.43657407407407406 0.013020833333333334 0.03796296296296296
2 0.396875 0.6685185185185185 0.010416666666666666 0.06111111111111111
2 0.37135416666666665 0.6851851851851852 0.013541666666666667 0.06296296296296296
2 0.6528645833333333 0.5833333333333334 0.008854166666666666 0.053703703703703705
3 0.7940104166666667 0.8435185185185186 0.019270833333333334 0.07407407407407407
3 0.5557291666666667 0.4824074074074074 0.0125 0.046296296296296294
2 0.7692708333333333 0.637962962962963 0.010416666666666666 0.05740740740740741
3 0.42970312499999996 0.2754351851851852 0.006802083333333334 0.027935185185185188