2 0.29322916666666665 0.20092592592592592 0.009375 0.040740740740740744
1 0.19791666666666666 0.21712962962962962 0.010416666666666666 0.04722222222222222
2 0.325 0.16203703703703703 0.008333333333333333 0.040740740740740744
2 0.371875 0.1787037037037037 0.008333333333333333 0.040740740740740744
2 0.559375 0.17314814814814813 0.010416666666666666 0.03518518518518519
2 0.4783854166666667 0.16435185185185186 0.0078125 0.03611111111111111
2 0.40963541666666664 0.1925925925925926 0.009895833333333333 0.040740740740740744
2 0.4505208333333333 0.27824074074074073 0.009375 0.041666666666666664
2 0.125 0.3175925925925926 0.0125 0.053703703703703705
2 0.6708333333333333 0.1837962962962963 0.007291666666666667 0.041666666666666664
2 0.6731770833333334 0.3055555555555556 0.008854166666666666 0.05185185185185185
2 0.45755208333333336 0.25277777777777777 0.008854166666666666 0.044444444444444446
2 0.6473958333333333 0.21851851851851853 0.008333333333333333 0.046296296296296294
2 0.40338541666666666 0.2875 0.009895833333333333 0.05277777777777778
2 0.8328125 0.2449074074074074 0.0125 0.05092592592592592
2 0.834375 0.3277777777777778 0.009375 0.05925925925925926
2 0.6638020833333333 0.26990740740740743 0.009895833333333333 0.05092592592592592
2 0.7322916666666667 0.35185185185185186 0.0125 0.05925925925925926
2 0.34140625 0.36712962962962964 0.0140625 0.05462962962962963
3 0.5611979166666666 0.23703703703703705 0.0140625 0.046296296296296294
2 0.30755208333333334 0.4300925925925926 0.0140625 0.06574074074074074
2 0.7192708333333333 0.45694444444444443 0.019791666666666666 0.06759259259259259
3 0.8940104166666667 0.924074074074074 0.022395833333333334 0.1037037037037037
0 0.22991666666666666 0.2234722222222222 0.006229166666666667 0.010777777777777778
3 0.41215625 0.11653703703703704 0.008046875 0.032749999999999994