2 0.7268385416666666 0.2577222222222222 0.017156249999999998 0.028407407407407406
2 0.3841145833333333 0.25 0.0078125 0.02962962962962963
2 0.6307291666666667 0.24444444444444444 0.007291666666666667 0.027777777777777776
2 0.62265625 0.2518518518518518 0.0078125 0.02962962962962963
2 0.37526041666666665 0.3013888888888889 0.0109375 0.04351851851851852
2 0.3723958333333333 0.3398148148148148 0.009375 0.046296296296296294
2 0.5622395833333333 0.3347222222222222 0.008854166666666666 0.04351851851851852
2 0.3927083333333333 0.25416666666666665 0.011458333333333333 0.03425925925925926
2 0.5591145833333333 0.25277777777777777 0.008854166666666666 0.03518518518518519
2 0.7075520833333333 0.26851851851851855 0.011979166666666667 0.03333333333333333
2 0.6502604166666667 0.30925925925925923 0.008854166666666666 0.037037037037037035
2 0.30052083333333335 0.5995370370370371 0.010416666666666666 0.062037037037037036
2 0.5140625 0.31527777777777777 0.010416666666666666 0.041666666666666664
2 0.8052083333333333 0.3736111111111111 0.017708333333333333 0.049074074074074076
2 0.42083333333333334 0.3199074074074074 0.007291666666666667 0.04351851851851852
1 0.051041666666666666 0.34953703703703703 0.011458333333333333 0.04351851851851852
2 0.42083333333333334 0.3824074074074074 0.0125 0.04814814814814815
2 0.66640625 0.35324074074074074 0.011979166666666667 0.04351851851851852
3 0.490625 0.36898148148148147 0.011458333333333333 0.04537037037037037
2 0.5307291666666667 0.4671296296296296 0.014583333333333334 0.05462962962962963
2 0.7135416666666666 0.4634259259259259 0.0125 0.06018518518518518
2 0.3177083333333333 0.48055555555555557 0.01875 0.053703703703703705
3 0.4178645833333333 0.21887037037037035 0.008723958333333334 0.02815740740740741
0 0.7351770833333333 0.27062037037037034 0.005020833333333334 0.010018518518518519