2 0.5388020833333333 0.6759259259259259 0.009895833333333333 0.053703703703703705
2 0.33828125 0.48194444444444445 0.0067708333333333336 0.03611111111111111
2 0.3736979166666667 0.44027777777777777 0.0067708333333333336 0.028703703703703703
2 0.4418697916666667 0.5515185185185185 0.008739583333333334 0.040074074074074074
3 0.9247395833333333 0.8546296296296296 0.0140625 0.06666666666666667
2 0.5455729166666666 0.3902777777777778 0.0078125 0.030555555555555555
1 0.05963541666666667 0.5199074074074074 0.0109375 0.03611111111111111
3 0.4393229166666667 0.5787037037037037 0.009895833333333333 0.046296296296296294
2 0.5580729166666667 0.5722222222222222 0.0078125 0.04814814814814815
2 0.440625 0.49675925925925923 0.009375 0.03796296296296296
2 0.2989583333333333 0.5398148148148149 0.010416666666666666 0.040740740740740744
2 0.37864583333333335 0.7592592592592593 0.014583333333333334 0.06111111111111111
2 0.37890625 0.47175925925925927 0.008854166666666666 0.03611111111111111
2 0.28802083333333334 0.6541666666666667 0.016666666666666666 0.05462962962962963
2 0.5986979166666667 0.49583333333333335 0.0078125 0.03611111111111111
2 0.5718177083333333 0.5466574074074074 0.016552083333333335 0.041462962962962965
2 0.33828125 0.5212962962962963 0.009895833333333333 0.04814814814814815
1 0.8776041666666666 0.49675925925925923 0.010416666666666666 0.03981481481481482
2 0.74375 0.5018518518518519 0.009375 0.04259259259259259
2 0.7411458333333333 0.6453703703703704 0.0125 0.04814814814814815
2 0.3736979166666667 0.586574074074074 0.0078125 0.04722222222222222
2 0.7033854166666667 0.7069444444444445 0.0140625 0.06018518518518518
2 0.2203125 0.8245370370370371 0.014583333333333334 0.06388888888888888
2 0.49322916666666666 0.8523148148148149 0.019791666666666666 0.06759259259259259
3 0.38181770833333334 0.3774166666666667 0.0064531250000000005 0.025231481481481483
0 0.69809375 0.7180000000000001 0.004859375 0.008916666666666668