2 0.5609375 0.40694444444444444 0.009375 0.026851851851851852
3 0.32421875 0.36712962962962964 0.0078125 0.026851851851851852
2 0.5341145833333333 0.4148148148148148 0.009895833333333333 0.037037037037037035
2 0.5817708333333333 0.41064814814814815 0.007291666666666667 0.03796296296296296
2 0.49765625 0.3990740740740741 0.008854166666666666 0.037037037037037035
2 0.559375 0.44027777777777777 0.009375 0.049074074074074076
2 0.43046875 0.3972222222222222 0.008854166666666666 0.037037037037037035
2 0.703125 0.43148148148148147 0.008333333333333333 0.044444444444444446
1 0.008333333333333333 0.45694444444444443 0.008333333333333333 0.05277777777777778
2 0.30416666666666664 0.4166666666666667 0.008333333333333333 0.044444444444444446
2 0.40729166666666666 0.45601851851851855 0.013541666666666667 0.04722222222222222
2 0.675 0.787962962962963 0.021875 0.09259259259259259
2 0.5140625 0.575925925925926 0.013541666666666667 0.06666666666666667
2 0.47942708333333334 0.4486111111111111 0.008854166666666666 0.049074074074074076
2 0.9130208333333333 0.6324074074074074 0.015625 0.07037037037037037
2 0.6161458333333333 0.4930555555555556 0.016666666666666666 0.05462962962962963
2 0.6817708333333333 0.43425925925925923 0.013541666666666667 0.046296296296296294
3 0.5919270833333333 0.45185185185185184 0.009895833333333333 0.05
2 0.8200520833333333 0.5064814814814815 0.0171875 0.05740740740740741
2 0.53125 0.5277777777777778 0.011458333333333333 0.05740740740740741
2 0.21744791666666666 0.48055555555555557 0.0109375 0.05740740740740741
2 0.8494791666666667 0.5518518518518518 0.013541666666666667 0.06666666666666667
2 0.10911458333333333 0.6574074074074074 0.024479166666666666 0.08703703703703704
0 0.5569270833333333 0.4095925925925926 0.0037916666666666667 0.007342592592592592