3 0.21979166666666666 0.3618425925925926 0.008333333333333333 0.035583333333333335
1 0.9122395833333333 0.44166666666666665 0.0140625 0.04259259259259259
2 0.5614583333333333 0.42685185185185187 0.011458333333333333 0.03888888888888889
2 0.25546875 0.41759259259259257 0.008854166666666666 0.040740740740740744
2 0.6932291666666667 0.4666666666666667 0.011458333333333333 0.046296296296296294
2 0.21979166666666666 0.6365740740740741 0.019791666666666666 0.06388888888888888
2 0.9119791666666667 0.5879629629629629 0.026041666666666668 0.06666666666666667
2 0.3546875 0.40324074074074073 0.009375 0.03796296296296296
2 0.5473958333333333 0.45416666666666666 0.013541666666666667 0.04537037037037037
2 0.4591145833333333 0.5666666666666667 0.0171875 0.05925925925925926
2 0.23125 0.5018518518518519 0.01875 0.05185185185185185
3 0.49192708333333335 0.48009259259259257 0.016145833333333335 0.049074074074074076
2 0.6661458333333333 0.48657407407407405 0.011458333333333333 0.05462962962962963
2 0.8348958333333333 0.6351851851851852 0.015625 0.06481481481481481
2 0.8065104166666667 0.6648148148148149 0.0171875 0.07407407407407407
2 0.5869791666666667 0.5643518518518519 0.017708333333333333 0.06018518518518518
2 0.32760416666666664 0.49675925925925923 0.015625 0.04722222222222222
2 0.23567708333333334 0.6449074074074074 0.021354166666666667 0.06388888888888888
2 0.8864583333333333 0.5527777777777778 0.015625 0.05925925925925926
2 0.5229166666666667 0.6875 0.01875 0.0787037037037037
2 0.34427083333333336 0.6430555555555556 0.01875 0.07314814814814814
2 0.3028645833333333 0.5634259259259259 0.0203125 0.06018518518518518
0 0.10261458333333334 0.5918333333333333 0.013546875000000002 0.022583333333333334
2 0.5892864583333334 0.5426481481481481 0.016796875 0.062453703703703706