2 0.5953125 0.44027777777777777 0.007291666666666667 0.03425925925925926
2 0.4322916666666667 0.4009259259259259 0.00625 0.027777777777777776
2 0.418515625 0.5504814814814815 0.015442708333333333 0.04413888888888889
2 0.6401041666666667 0.4787037037037037 0.009375 0.040740740740740744
2 0.659375 0.4791666666666667 0.009375 0.03981481481481482
2 0.6395833333333333 0.5555555555555556 0.011458333333333333 0.04814814814814815
2 0.45722395833333335 0.7125833333333333 0.025906250000000002 0.06220370370370371
2 0.353125 0.537962962962963 0.010416666666666666 0.053703703703703705
2 0.22786458333333334 0.5662037037037037 0.0140625 0.05092592592592592
1 0.022135416666666668 0.5032407407407408 0.009895833333333333 0.04722222222222222
3 0.456921875 0.527787037037037 0.013244791666666667 0.05372222222222223
2 0.68203125 0.5560185185185185 0.011979166666666667 0.049074074074074076
2 0.2677083333333333 0.4810185185185185 0.011458333333333333 0.04351851851851852
2 0.3966145833333333 0.7662037037037037 0.025520833333333333 0.06944444444444445
2 0.6838541666666667 0.6648148148148149 0.015625 0.06851851851851852
2 0.3109375 0.7106481481481481 0.015625 0.06759259259259259
2 0.52421875 0.7509259259259259 0.022395833333333334 0.08333333333333333
2 0.6666666666666666 0.6606481481481481 0.015625 0.07314814814814814
2 0.48802083333333335 0.7611111111111111 0.01875 0.07407407407407407
2 0.17239583333333333 0.6319444444444444 0.020833333333333332 0.06574074074074074
2 0.4153645833333333 0.6527777777777778 0.0171875 0.06481481481481481
3 0.8334791666666667 0.8181944444444444 0.023666666666666666 0.08824074074074074
2 0.3562916666666667 0.5227962962962963 0.012083333333333333 0.05433333333333333
3 0.35296875 0.3807314814814815 0.006104166666666667 0.02588888888888889
0 0.40677604166666664 0.7885833333333333 0.007619791666666667 0.013342592592592593