2 0.9455729166666667 0.5546296296296296 0.013020833333333334 0.053703703703703705
2 0.8966145833333333 0.5138888888888888 0.015104166666666667 0.04814814814814815
2 0.6372864583333333 0.5083333333333333 0.013114583333333334 0.044444444444444446
2 0.3502604166666667 0.4666666666666667 0.011979166666666667 0.03888888888888889
2 0.4947916666666667 0.41203703703703703 0.007291666666666667 0.03148148148148148
2 0.6572916666666667 0.4444444444444444 0.011458333333333333 0.03888888888888889
2 0.3578125 0.5625 0.013541666666666667 0.05462962962962963
2 0.5322916666666667 0.4398148148148148 0.011458333333333333 0.037037037037037035
2 0.61796875 0.47129629629629627 0.008854166666666666 0.03888888888888889
2 0.17395833333333333 0.425462962962963 0.008333333333333333 0.03611111111111111
3 0.5020833333333333 0.48333333333333334 0.010416666666666666 0.044444444444444446
2 0.36640625 0.5768518518518518 0.016145833333333335 0.05
2 0.17994791666666668 0.5398148148148149 0.009895833333333333 0.05
2 0.2830729166666667 0.40046296296296297 0.005729166666666666 0.030555555555555555
2 0.6028645833333334 0.5365740740740741 0.015104166666666667 0.05092592592592592
2 0.15078125 0.5060185185185185 0.011979166666666667 0.05092592592592592
2 0.78671875 0.6101851851851852 0.015104166666666667 0.06296296296296296
2 0.35052083333333334 0.6796296296296296 0.017708333333333333 0.07407407407407407
2 0.15 0.5796296296296296 0.021875 0.06111111111111111
2 0.7442708333333333 0.6185185185185185 0.014583333333333334 0.05925925925925926
2 0.5411458333333333 0.649074074074074 0.016666666666666666 0.06666666666666667
3 0.13388020833333333 0.3855277777777778 0.009364583333333334 0.034574074074074077
1 0.877375 0.4715648148148148 0.0153125 0.04239814814814815
0 0.45743229166666666 0.4331851851851852 0.007005208333333333 0.013175925925925926