2 0.35885416666666664 0.25601851851851853 0.007291666666666667 0.026851851851851852
2 0.34609375 0.2652777777777778 0.0078125 0.028703703703703703
2 0.44817708333333334 0.319712962962963 0.0067708333333333336 0.03573148148148148
2 0.45347916666666666 0.4734629629629629 0.010744791666666666 0.045064814814814814
2 0.29401041666666666 0.31574074074074077 0.0067708333333333336 0.03333333333333333
2 0.2760416666666667 0.39166666666666666 0.008333333333333333 0.04259259259259259
2 0.45202604166666666 0.36113888888888884 0.009494791666666667 0.03708333333333333
1 0.8119791666666667 0.32175925925925924 0.009375 0.03796296296296296
2 0.32864583333333336 0.2865740740740741 0.008333333333333333 0.030555555555555555
2 0.8018229166666667 0.37592592592592594 0.008854166666666666 0.03888888888888889
2 0.5919270833333333 0.30324074074074076 0.0078125 0.03611111111111111
2 0.2830729166666667 0.3527777777777778 0.008854166666666666 0.037037037037037035
2 0.6515625 0.2657407407407407 0.007291666666666667 0.03148148148148148
2 0.28125 0.46805555555555556 0.009375 0.04351851851851852
2 0.34270833333333334 0.41388888888888886 0.008333333333333333 0.044444444444444446
1 0.022395833333333334 0.3888888888888889 0.014583333333333334 0.04259259259259259
2 0.5567708333333333 0.3347222222222222 0.008333333333333333 0.03425925925925926
2 0.8356770833333333 0.6092592592592593 0.016145833333333335 0.06111111111111111
3 0.3924479166666667 0.36574074074074076 0.0078125 0.040740740740740744
2 0.3026041666666667 0.6324074074074074 0.015625 0.05925925925925926
2 0.63125 0.37037037037037035 0.007291666666666667 0.040740740740740744
0 0.7924479166666667 0.3912222222222222 0.0050104166666666665 0.009833333333333333
2 0.5028333333333334 0.23419444444444446 0.0066770833333333335 0.027685185185185184
2 0.44016145833333337 0.26087962962962963 0.007145833333333334 0.03270370370370371
3 0.31680729166666666 0.23806481481481484 0.007828125 0.02885185185185185