2 0.51484375 0.2587962962962963 0.0078125 0.03611111111111111
2 0.52265625 0.28379629629629627 0.0078125 0.03796296296296296
2 0.5781302083333333 0.27141666666666664 0.011171875 0.03912037037037037
2 0.5984375 0.274537037037037 0.010416666666666666 0.03611111111111111
2 0.37486458333333333 0.3013888888888889 0.008609375 0.04351851851851852
2 0.5479166666666667 0.2449074074074074 0.010416666666666666 0.03425925925925926
2 0.3372395833333333 0.2675925925925926 0.008854166666666666 0.03888888888888889
2 0.6174479166666667 0.2986111111111111 0.009895833333333333 0.04537037037037037
2 0.5385416666666667 0.3236111111111111 0.008333333333333333 0.03796296296296296
3 0.553125 0.3037037037037037 0.009375 0.044444444444444446
2 0.38671875 0.32546296296296295 0.008854166666666666 0.04537037037037037
2 0.5255208333333333 0.3685185185185185 0.010416666666666666 0.05
2 0.20286458333333332 0.31296296296296294 0.013020833333333334 0.044444444444444446
2 0.34348958333333335 0.36203703703703705 0.013020833333333334 0.05
2 0.7010416666666667 0.31712962962962965 0.014583333333333334 0.04722222222222222
1 0.9153645833333334 0.31157407407407406 0.0109375 0.04722222222222222
2 0.66796875 0.3375 0.015104166666666667 0.049074074074074076
2 0.9015625 0.5782407407407407 0.013541666666666667 0.08611111111111111
2 0.7547239583333333 0.44985185185185184 0.016739583333333332 0.055268518518518515
2 0.446875 0.5328703703703703 0.015625 0.09166666666666666
2 0.20989583333333334 0.43425925925925923 0.014583333333333334 0.06111111111111111
3 0.24418229166666666 0.2470462962962963 0.011078125 0.034833333333333334
0 0.2730625 0.3065462962962963 0.004744791666666666 0.009574074074074073
2 0.38061979166666665 0.2707037037037037 0.009385416666666667 0.04008333333333333