2 0.44417708333333333 0.26273148148148145 0.015807291666666667 0.04306481481481481
0 0.26927083333333335 0.6291666666666667 0.010416666666666666 0.013888888888888888
2 0.74296875 0.26944444444444443 0.009895833333333333 0.04259259259259259
2 0.41484375 0.26851851851851855 0.0140625 0.03888888888888889
3 0.4613333333333333 0.37592592592592594 0.020588541666666668 0.05925925925925926
2 0.340625 0.3375 0.023958333333333335 0.05092592592592592
2 0.24921875 0.44675925925925924 0.027604166666666666 0.062037037037037036
2 0.3880208333333333 0.32546296296296295 0.019791666666666666 0.05462962962962963
2 0.7733958333333334 0.2986111111111111 0.013458333333333333 0.049074074074074076
2 0.6997395833333333 0.33564814814814814 0.009895833333333333 0.05277777777777778
2 0.3765625 0.3888888888888889 0.017708333333333333 0.05185185185185185
2 0.3617708333333333 0.36898148148148147 0.016244791666666668 0.06018518518518518
2 0.7091145833333333 0.27870370370370373 0.0140625 0.046296296296296294
2 0.5291666666666667 0.3148148148148148 0.014583333333333334 0.05
2 0.246875 0.4935185185185185 0.029166666666666667 0.07222222222222222
2 0.5020989583333333 0.42314814814814816 0.01982291666666667 0.06851851851851852
2 0.3921875 0.38935185185185184 0.019791666666666666 0.06018518518518518
2 0.63359375 0.3939814814814815 0.021354166666666667 0.06759259259259259
2 0.2833333333333333 0.35833333333333334 0.020833333333333332 0.05740740740740741
2 0.8057291666666667 0.37592592592592594 0.014583333333333334 0.06481481481481481
2 0.5703125 0.4912037037037037 0.013541666666666667 0.06388888888888888
2 0.21979166666666666 0.6921296296296297 0.04583333333333333 0.09537037037037037
3 0.3808802083333333 0.22562962962962962 0.015333333333333334 0.039851851851851854