2 0.46458333333333335 0.2689814814814815 0.010416666666666666 0.028703703703703703
2 0.652015625 0.28003703703703703 0.008192708333333333 0.03622222222222222
2 0.8078125 0.29583333333333334 0.009375 0.03981481481481482
2 0.7916666666666666 0.30324074074074076 0.0125 0.04537037037037037
2 0.54453125 0.28935185185185186 0.0109375 0.04351851851851852
2 0.5075520833333333 0.2861111111111111 0.008854166666666666 0.040740740740740744
2 0.7744791666666667 0.33240740740740743 0.014583333333333334 0.053703703703703705
1 0.08098958333333334 0.31574074074074077 0.009895833333333333 0.05
2 0.5708333333333333 0.28055555555555556 0.013541666666666667 0.037037037037037035
3 0.5401041666666667 0.3388888888888889 0.009375 0.05
2 0.81953125 0.3296296296296296 0.013020833333333334 0.053703703703703705
2 0.45755208333333336 0.3 0.009895833333333333 0.04814814814814815
2 0.6018229166666667 0.3351851851851852 0.0109375 0.046296296296296294
2 0.371875 0.29814814814814816 0.011458333333333333 0.04259259259259259
2 0.32005208333333335 0.3013888888888889 0.008854166666666666 0.04537037037037037
2 0.57109375 0.3439814814814815 0.0140625 0.05277777777777778
2 0.8489583333333334 0.38842592592592595 0.013541666666666667 0.062037037037037036
2 0.28125 0.3472222222222222 0.014583333333333334 0.05
2 0.73125 0.4375 0.013541666666666667 0.06388888888888888
2 0.25859375 0.40046296296296297 0.018229166666666668 0.05648148148148148
2 0.4859375 0.3486111111111111 0.010416666666666666 0.05462962962962963
3 0.388171875 0.24505555555555558 0.010890625 0.03723148148148148
0 0.45135416666666667 0.2837314814814815 0.004541666666666667 0.008268518518518519
2 0.6557916666666667 0.27764814814814814 0.008875 0.036361111111111115