1 0.14088541666666668 0.39861111111111114 0.0109375 0.03796296296296296
2 0.7565104166666666 0.38935185185185184 0.0109375 0.04351851851851852
0 0.2526041666666667 0.5907407407407408 0.00625 0.009259259259259259
2 0.31875 0.35833333333333334 0.009375 0.037037037037037035
2 0.4388020833333333 0.4166666666666667 0.0109375 0.044444444444444446
2 0.6130208333333333 0.37175925925925923 0.008333333333333333 0.03796296296296296
2 0.83515625 0.4736111111111111 0.013020833333333334 0.05277777777777778
2 0.36380208333333336 0.38796296296296295 0.009895833333333333 0.044444444444444446
3 0.5627604166666667 0.42685185185185187 0.009895833333333333 0.04259259259259259
2 0.6786458333333333 0.4398148148148148 0.009375 0.05
2 0.37083333333333335 0.48935185185185187 0.015625 0.05277777777777778
2 0.5338541666666666 0.38657407407407407 0.008333333333333333 0.041666666666666664
2 0.7729166666666667 0.48009259259259257 0.0125 0.05648148148148148
2 0.8645833333333334 0.5347222222222222 0.0125 0.06388888888888888
2 0.43854166666666666 0.5342592592592592 0.016666666666666666 0.05555555555555555
2 0.7177083333333333 0.6134259259259259 0.017708333333333333 0.06944444444444445
2 0.21171875 0.5453703703703704 0.013020833333333334 0.05740740740740741
2 0.8442708333333333 0.49583333333333335 0.015625 0.058333333333333334
2 0.590625 0.524074074074074 0.011458333333333333 0.06111111111111111
2 0.6221354166666667 0.5902777777777778 0.0109375 0.06944444444444445
2 0.37916666666666665 0.6203703703703703 0.016666666666666666 0.07037037037037037
2 0.33697916666666666 0.6435185185185185 0.015625 0.07037037037037037
3 0.9518229166666666 0.7662037037037037 0.0296875 0.08981481481481482
2 0.521171875 0.31611111111111106 0.008984375 0.03062037037037037
3 0.41735937500000003 0.2994907407407407 0.00803125 0.027648148148148147