2 0.4466145833333333 0.2847222222222222 0.0109375 0.03611111111111111
2 0.5671875 0.34517592592592594 0.010416666666666666 0.04961111111111111
2 0.5880208333333333 0.2847222222222222 0.009375 0.03981481481481482
2 0.6049479166666667 0.2986111111111111 0.008854166666666666 0.041666666666666664
2 0.6455729166666667 0.33240740740740743 0.008854166666666666 0.046296296296296294
2 0.7223958333333333 0.3962962962962963 0.0125 0.06666666666666667
2 0.5239583333333333 0.3912037037037037 0.010416666666666666 0.05092592592592592
2 0.9947916666666666 0.35324074074074074 0.010416666666666666 0.05648148148148148
2 0.5166666666666667 0.3263888888888889 0.009375 0.04722222222222222
2 0.31484375 0.3435185185185185 0.011979166666666667 0.046296296296296294
2 0.5552083333333333 0.32685185185185184 0.009375 0.05
2 0.42526041666666664 0.4337962962962963 0.015104166666666667 0.06388888888888888
2 0.7265625 0.40555555555555556 0.013541666666666667 0.05925925925925926
2 0.6841145833333333 0.3541666666666667 0.015104166666666667 0.05462962962962963
2 0.45078125 0.3921296296296296 0.013020833333333334 0.058333333333333334
2 0.5072916666666667 0.5972222222222222 0.01875 0.09074074074074075
2 0.21119791666666668 0.4986111111111111 0.022395833333333334 0.075
2 0.63671875 0.42824074074074076 0.0140625 0.06388888888888888
2 0.5875 0.4634259259259259 0.013541666666666667 0.06388888888888888
2 0.8638020833333333 0.6930555555555555 0.022395833333333334 0.09537037037037037
2 0.79453125 0.4986111111111111 0.0140625 0.06944444444444445
3 0.5676875 0.35653703703703704 0.0103125 0.0527962962962963
0 0.3804739583333333 0.33925 0.005630208333333333 0.00999074074074074
3 0.2837135416666667 0.2695925925925926 0.012572916666666666 0.03887037037037037