3 0.44040625 0.22887962962962963 0.007901041666666667 0.034833333333333334
2 0.8796875 0.3162037037037037 0.010416666666666666 0.03981481481481482
2 0.7552083333333334 0.2611111111111111 0.011458333333333333 0.03518518518518519
2 0.8903645833333333 0.3486111111111111 0.013020833333333334 0.05277777777777778
2 0.8963541666666667 0.32037037037037036 0.0125 0.04259259259259259
2 0.5450520833333333 0.2601851851851852 0.009895833333333333 0.037037037037037035
2 0.7848958333333333 0.28379629629629627 0.014583333333333334 0.041666666666666664
2 0.6842395833333333 0.3149351851851852 0.013807291666666667 0.05012037037037037
2 0.6276041666666666 0.29398148148148145 0.009375 0.04722222222222222
2 0.7416666666666667 0.3416666666666667 0.011458333333333333 0.04814814814814815
2 0.6145833333333334 0.29444444444444445 0.0125 0.046296296296296294
3 0.70703125 0.3398148148148148 0.011979166666666667 0.05
2 0.4661458333333333 0.3337962962962963 0.011458333333333333 0.05092592592592592
2 0.4830729166666667 0.3023148148148148 0.008854166666666666 0.04537037037037037
2 0.86953125 0.43194444444444446 0.0140625 0.06759259259259259
2 0.37005208333333334 0.30277777777777776 0.009895833333333333 0.046296296296296294
2 0.5744791666666667 0.41712962962962963 0.016666666666666666 0.05648148148148148
1 0.09713541666666667 0.32314814814814813 0.013020833333333334 0.05185185185185185
2 0.7127604166666667 0.3958333333333333 0.016145833333333335 0.05648148148148148
2 0.27421875 0.4166666666666667 0.019270833333333334 0.05740740740740741
2 0.8380208333333333 0.4925925925925926 0.028125 0.07037037037037037
2 0.80078125 0.45925925925925926 0.022395833333333334 0.06851851851851852
2 0.4200520833333333 0.6032407407407407 0.025520833333333333 0.09722222222222222
0 0.2810625 0.44375925925925924 0.006223958333333333 0.011166666666666667