2 0.33203125 0.26342592592592595 0.009895833333333333 0.03425925925925926
2 0.5596354166666667 0.27037037037037037 0.009895833333333333 0.03518518518518519
2 0.5520833333333334 0.31296296296296294 0.008333333333333333 0.040740740740740744
2 0.5065104166666666 0.2833333333333333 0.008854166666666666 0.04259259259259259
2 0.5203125 0.36898148148148147 0.010416666666666666 0.041666666666666664
2 0.30390625 0.3300925925925926 0.009895833333333333 0.03981481481481482
2 0.4236979166666667 0.28425925925925927 0.008854166666666666 0.04259259259259259
2 0.4940104166666667 0.30694444444444446 0.011979166666666667 0.04722222222222222
2 0.565625 0.25462962962962965 0.007291666666666667 0.03518518518518519
2 0.603125 0.2875 0.008333333333333333 0.03981481481481482
2 0.38125 0.3875 0.011458333333333333 0.04537037037037037
2 0.35885416666666664 0.35509259259259257 0.008333333333333333 0.05092592592592592
1 0.9255208333333333 0.3218611111111111 0.013541666666666667 0.049074074074074076
2 0.6385416666666667 0.31712962962962965 0.011458333333333333 0.04537037037037037
2 0.6841145833333333 0.324537037037037 0.0109375 0.05092592592592592
2 0.53671875 0.4162037037037037 0.008854166666666666 0.06018518518518518
2 0.2557291666666667 0.3333333333333333 0.013541666666666667 0.05
2 0.64140625 0.387037037037037 0.013020833333333334 0.05740740740740741
2 0.7302083333333333 0.47685185185185186 0.015625 0.06481481481481481
2 0.18151041666666667 0.4537037037037037 0.013020833333333334 0.06666666666666667
2 0.8747395833333333 0.6171296296296296 0.016145833333333335 0.09166666666666666
3 0.9046875 0.6842592592592592 0.022916666666666665 0.0962962962962963
2 0.39869791666666665 0.6023148148148149 0.021354166666666667 0.08796296296296297
0 0.2608958333333333 0.354962962962963 0.004354166666666667 0.009157407407407408
3 0.281328125 0.24173148148148146 0.008906250000000001 0.03791666666666667