2 0.18737499999999999 0.5587314814814814 0.022359375 0.07531481481481482
2 0.43820833333333337 0.5581296296296296 0.021500000000000002 0.08087037037037037
2 0.21115625000000002 0.4582685185185185 0.022697916666666665 0.064
2 0.19139583333333335 0.4947037037037037 0.022651041666666667 0.06646296296296296
2 0.4223177083333333 0.4481574074074074 0.018078125 0.06882407407407408
2 0.9510677083333333 0.3306296296296296 0.0135625 0.052833333333333336
2 0.40827604166666664 0.3358888888888889 0.01240625 0.0489537037037037
2 0.8670156250000001 0.3793703703703704 0.015546875 0.05670370370370371
2 0.9536302083333333 0.4346388888888889 0.020119791666666668 0.06937962962962964
2 0.8974375 0.2856388888888889 0.010567708333333333 0.046648148148148154
2 0.6836510416666666 0.43682407407407403 0.027177083333333334 0.06911111111111111
3 0.46867708333333336 0.4067222222222222 0.018515624999999997 0.06568518518518518
2 0.3627447916666667 0.39766666666666667 0.022875 0.05248148148148148
2 0.3808020833333333 0.3114074074074074 0.010541666666666666 0.054296296296296294
2 0.465796875 0.27523148148148147 0.011427083333333334 0.04299074074074074
2 0.48761458333333335 0.2734166666666667 0.018072916666666668 0.04591666666666667
1 0.15308333333333335 0.3139166666666666 0.015614583333333333 0.047185185185185184
2 0.7013645833333333 0.3165277777777778 0.013369791666666667 0.04921296296296296
2 0.32724479166666665 0.33641666666666664 0.014484374999999999 0.05156481481481481
2 0.797 0.30869444444444444 0.01659375 0.0510462962962963
2 0.36643229166666663 0.33108333333333334 0.014671875000000001 0.05047222222222222
3 0.5172291666666667 0.20925925925925926 0.009083333333333334 0.03579629629629629
2 0.35209375 0.4028240740740741 0.016520833333333332 0.05578703703703704
0 0.19266666666666668 0.5836944444444444 0.0069479166666666665 0.01312962962962963