2 0.61953125 0.6203703703703703 0.011979166666666667 0.040740740740740744
1 0.9114583333333334 0.42314814814814816 0.0125 0.053703703703703705
2 0.21953125 0.5671296296296297 0.019270833333333334 0.058333333333333334
2 0.6174479166666667 0.39675925925925926 0.016145833333333335 0.049074074074074076
2 0.6348958333333333 0.48518518518518516 0.0125 0.05740740740740741
2 0.6989583333333333 0.41064814814814815 0.013541666666666667 0.05277777777777778
2 0.5572916666666666 0.46296296296296297 0.010416666666666666 0.05555555555555555
2 0.6770833333333334 0.425 0.014583333333333334 0.05185185185185185
2 0.621875 0.6592592592592592 0.026041666666666668 0.07037037037037037
2 0.33177083333333335 0.4060185185185185 0.014583333333333334 0.04722222222222222
2 0.7255208333333333 0.4601851851851852 0.0125 0.06111111111111111
3 0.5171875 0.5115740740740741 0.016666666666666666 0.05648148148148148
2 0.6518229166666667 0.5212962962962963 0.015104166666666667 0.06851851851851852
2 0.48020833333333335 0.5666666666666667 0.014583333333333334 0.06851851851851852
2 0.17369791666666667 0.5541666666666667 0.0234375 0.06574074074074074
2 0.7010416666666667 0.6273148148148148 0.016666666666666666 0.06759259259259259
2 0.35885416666666664 0.6606481481481481 0.01875 0.07685185185185185
2 0.8489583333333334 0.6046296296296296 0.017708333333333333 0.07407407407407407
2 0.040625 0.6550925925925926 0.021875 0.08425925925925926
2 0.6078125 0.7282407407407407 0.030208333333333334 0.0787037037037037
2 0.559375 0.5643518518518519 0.020833333333333332 0.062037037037037036
3 0.125828125 0.30709259259259264 0.011166666666666667 0.04165740740740741
2 0.7489375 0.8165925925925925 0.027557291666666664 0.09521296296296296