2 0.596875 0.40879629629629627 0.009375 0.03796296296296296
2 0.8203125 0.5930555555555556 0.015625 0.032407407407407406
2 0.59140625 0.42824074074074076 0.011979166666666667 0.03796296296296296
2 0.34869791666666666 0.39814814814814814 0.009895833333333333 0.03888888888888889
3 0.5546875 0.5050925925925925 0.0125 0.04722222222222222
2 0.5375 0.48518518518518516 0.013541666666666667 0.044444444444444446
2 0.38229166666666664 0.5231481481481481 0.016666666666666666 0.05
2 0.3385416666666667 0.44351851851851853 0.010416666666666666 0.03888888888888889
1 0.9270833333333334 0.4425925925925926 0.0125 0.04814814814814815
2 0.7544270833333333 0.5189814814814815 0.011979166666666667 0.05092592592592592
2 0.6703125 0.44722222222222224 0.011458333333333333 0.046296296296296294
2 0.5677083333333334 0.5273148148148148 0.009375 0.05277777777777778
2 0.22421875 0.487962962962963 0.0140625 0.044444444444444446
2 0.63359375 0.5115740740740741 0.008854166666666666 0.05092592592592592
2 0.6833333333333333 0.5555555555555556 0.008333333333333333 0.05555555555555555
2 0.51484375 0.49537037037037035 0.0203125 0.05185185185185185
2 0.19947916666666668 0.45416666666666666 0.011458333333333333 0.04722222222222222
2 0.4421875 0.47175925925925927 0.013541666666666667 0.04722222222222222
2 0.6981770833333333 0.5805555555555556 0.011979166666666667 0.05555555555555555
2 0.40182291666666664 0.5685185185185185 0.015104166666666667 0.05925925925925926
3 0.980078125 0.7601388888888889 0.036932291666666665 0.0795462962962963
2 0.24479166666666666 0.55 0.022916666666666665 0.05555555555555555
2 0.803125 0.5958333333333333 0.011458333333333333 0.058333333333333334
3 0.21904166666666666 0.34891666666666665 0.009760416666666666 0.03384259259259259