2 0.6479166666666667 0.44814814814814813 0.008333333333333333 0.037037037037037035
2 0.6661458333333333 0.4148148148148148 0.008333333333333333 0.03888888888888889
2 0.45807291666666666 0.3976851851851852 0.008854166666666666 0.03796296296296296
2 0.6546875 0.4476851851851852 0.008333333333333333 0.04351851851851852
3 0.9350104166666667 0.8699351851851852 0.024770833333333336 0.08801851851851852
2 0.46848958333333335 0.46944444444444444 0.013020833333333334 0.040740740740740744
2 0.4734375 0.399537037037037 0.008333333333333333 0.03611111111111111
2 0.5130208333333334 0.4361111111111111 0.013541666666666667 0.03888888888888889
2 0.7096354166666666 0.4217592592592593 0.0109375 0.041666666666666664
2 0.31328125 0.39305555555555555 0.011979166666666667 0.03611111111111111
3 0.5497395833333333 0.4740740740740741 0.008854166666666666 0.04814814814814815
1 0.0796875 0.41574074074074074 0.008333333333333333 0.037037037037037035
2 0.37526041666666665 0.5337962962962963 0.011979166666666667 0.05092592592592592
2 0.6169270833333333 0.4828703703703704 0.009895833333333333 0.04537037037037037
2 0.2908854166666667 0.4337962962962963 0.008854166666666666 0.03981481481481482
2 0.5377604166666666 0.5078703703703704 0.009895833333333333 0.04722222222222222
2 0.784375 0.49074074074074076 0.013541666666666667 0.05
2 0.2942708333333333 0.4986111111111111 0.011458333333333333 0.049074074074074076
2 0.50234375 0.449537037037037 0.016145833333333335 0.03796296296296296
2 0.6848958333333334 0.6439814814814815 0.010416666666666666 0.05648148148148148
2 0.6549479166666666 0.575462962962963 0.0109375 0.05277777777777778
2 0.7520833333333333 0.5097222222222222 0.011458333333333333 0.04351851851851852
2 0.7494791666666667 0.7046296296296296 0.015625 0.06481481481481481
3 0.34334375 0.3676759259259259 0.010020833333333333 0.03088888888888889