2 0.46380208333333334 0.4388888888888889 0.019270833333333334 0.040740740740740744
2 0.5426302083333333 0.502787037037037 0.015510416666666667 0.05648148148148148
3 0.60625 0.5277777777777778 0.019791666666666666 0.053703703703703705
2 0.3697916666666667 0.49907407407407406 0.013541666666666667 0.05185185185185185
2 0.57265625 0.39490740740740743 0.011979166666666667 0.04351851851851852
2 0.5268229166666667 0.4583333333333333 0.0109375 0.05
2 0.45703125 0.4685185185185185 0.013020833333333334 0.04814814814814815
1 0.16432291666666668 0.4699074074074074 0.0265625 0.04537037037037037
2 0.5640625 0.425462962962963 0.009375 0.05277777777777778
2 0.5927083333333333 0.513425925925926 0.016666666666666666 0.058333333333333334
2 0.42578125 0.48148148148148145 0.0265625 0.053703703703703705
2 0.6690104166666667 0.4203703703703704 0.0109375 0.04814814814814815
2 0.3697916666666667 0.5319444444444444 0.01875 0.05462962962962963
2 0.48072916666666665 0.49583333333333335 0.016666666666666666 0.058333333333333334
2 0.30520833333333336 0.5893518518518519 0.016666666666666666 0.062037037037037036
2 0.8731770833333333 0.5393518518518519 0.015104166666666667 0.06388888888888888
2 0.80390625 0.5833333333333334 0.013020833333333334 0.07037037037037037
2 0.5234375 0.5560185185185185 0.013541666666666667 0.06388888888888888
2 0.6559895833333333 0.5277777777777778 0.0171875 0.06111111111111111
2 0.296875 0.6361111111111111 0.015625 0.07037037037037037
2 0.7177083333333333 0.625 0.014583333333333334 0.07222222222222222
2 0.5354010416666667 0.4914907407407407 0.011552083333333333 0.05958333333333333
3 0.585125 0.3540925925925926 0.0155625 0.036175925925925924
0 0.42649479166666665 0.4204259259259259 0.007364583333333333 0.012648148148148148