2 0.6895833333333333 0.38935185185185184 0.008333333333333333 0.032407407407407406
2 0.67265625 0.4527777777777778 0.008854166666666666 0.046296296296296294
1 0.7931614583333333 0.4237222222222222 0.014583333333333334 0.05277777777777778
2 0.5549479166666667 0.5569444444444445 0.022395833333333334 0.058333333333333334
2 0.55859375 0.6078703703703704 0.0234375 0.05277777777777778
2 0.6947916666666667 0.4166666666666667 0.0125 0.05185185185185185
2 0.7375885416666667 0.6099166666666667 0.015796875 0.0661388888888889
2 0.49947916666666664 0.46944444444444444 0.014583333333333334 0.05555555555555555
2 0.6546875 0.45601851851851855 0.014583333333333334 0.049074074074074076
2 0.5864583333333333 0.42083333333333334 0.014583333333333334 0.04722222222222222
2 0.59296875 0.6231481481481481 0.015104166666666667 0.06851851851851852
2 0.8177083333333334 0.6180555555555556 0.01875 0.06574074074074074
2 0.6768229166666667 0.5033888888888889 0.015104166666666667 0.0628888888888889
2 0.29713541666666665 0.7342592592592593 0.0265625 0.07037037037037037
3 0.5057291666666667 0.5254629629629629 0.015625 0.062037037037037036
2 0.5783854166666667 0.649537037037037 0.0171875 0.07685185185185185
2 0.7580729166666667 0.6087962962962963 0.015104166666666667 0.062037037037037036
2 0.8375 0.5032407407407408 0.013541666666666667 0.062037037037037036
2 0.2830729166666667 0.7069444444444445 0.0203125 0.07314814814814814
2 0.2911458333333333 0.4699074074074074 0.014583333333333334 0.06018518518518518
2 0.4791666666666667 0.6361111111111111 0.017708333333333333 0.07592592592592592
2 0.13255208333333332 0.6106481481481482 0.0265625 0.07314814814814814
0 0.5641822916666667 0.6255740740740741 0.005854166666666666 0.010944444444444444
3 0.02077604166666667 0.3337685185185185 0.013057291666666667 0.04204629629629629