0 0.45338541666666665 0.5523148148148148 0.005729166666666666 0.010185185185185186
2 0.6583333333333333 0.4930555555555556 0.013541666666666667 0.04351851851851852
2 0.46328125 0.4527777777777778 0.0109375 0.03888888888888889
2 0.5169270833333334 0.4708333333333333 0.009895833333333333 0.04351851851851852
2 0.7809895833333333 0.5120370370370371 0.0109375 0.053703703703703705
2 0.49192708333333335 0.4689814814814815 0.0140625 0.041666666666666664
1 0.88046875 0.4283611111111111 0.0140625 0.04351851851851852
2 0.58125 0.4046296296296296 0.0125 0.044444444444444446
2 0.6841145833333333 0.5486111111111112 0.0109375 0.05462962962962963
2 0.39947916666666666 0.412962962962963 0.0125 0.03888888888888889
2 0.7690104166666667 0.5574074074074075 0.0109375 0.053703703703703705
2 0.7450520833333333 0.5736111111111111 0.0140625 0.03796296296296296
2 0.5505208333333333 0.42777777777777776 0.010416666666666666 0.04259259259259259
3 0.5856770833333333 0.5041666666666667 0.0171875 0.05092592592592592
2 0.44609375 0.5175925925925926 0.013020833333333334 0.046296296296296294
2 0.68203125 0.45 0.0109375 0.04814814814814815
3 0.9595052083333333 0.7202685185185185 0.021609375 0.07386111111111111
2 0.5716145833333334 0.47314814814814815 0.0140625 0.04814814814814815
2 0.5221354166666666 0.5092592592592593 0.0140625 0.04814814814814815
2 0.35572916666666665 0.5125 0.019791666666666666 0.049074074074074076
2 0.7302083333333333 0.5981481481481481 0.016666666666666666 0.05925925925925926
2 0.30963541666666666 0.5356481481481481 0.013020833333333334 0.05277777777777778
2 0.2591145833333333 0.48564814814814816 0.019270833333333334 0.049074074074074076
2 0.4171875 0.575925925925926 0.020833333333333332 0.05740740740740741
3 0.20188020833333334 0.34214814814814815 0.009682291666666667 0.03672222222222222