2 0.3578125 0.43842592592592594 0.011458333333333333 0.03981481481481482
3 0.4650625 0.4875 0.01883333333333333 0.049074074074074076
3 0.4418697916666667 0.3616481481481481 0.009338541666666667 0.03440740740740741
2 0.5580729166666667 0.42824074074074076 0.009895833333333333 0.03425925925925926
2 0.8308333333333333 0.5133055555555556 0.024916666666666667 0.04747222222222223
2 0.4276041666666667 0.44675925925925924 0.009375 0.04351851851851852
2 0.37447916666666664 0.41805555555555557 0.009375 0.04351851851851852
2 0.35078125 0.46574074074074073 0.016145833333333335 0.05185185185185185
2 0.78359375 0.4199074074074074 0.0109375 0.05648148148148148
2 0.32447916666666665 0.45694444444444443 0.013541666666666667 0.05277777777777778
2 0.18880208333333334 0.45 0.0109375 0.046296296296296294
2 0.89296875 0.46805555555555556 0.0140625 0.04722222222222222
2 0.5270833333333333 0.42824074074074076 0.014583333333333334 0.03425925925925926
2 0.35546875 0.5078703703703704 0.013020833333333334 0.05092592592592592
2 0.77265625 0.42824074074074076 0.018229166666666668 0.04351851851851852
2 0.23541666666666666 0.500462962962963 0.0125 0.04722222222222222
2 0.4791666666666667 0.5101851851851852 0.019791666666666666 0.046296296296296294
2 0.2140625 0.5143518518518518 0.0125 0.05648148148148148
2 0.5388020833333333 0.5935185185185186 0.016145833333333335 0.05740740740740741
2 0.7341145833333333 0.6129629629629629 0.022395833333333334 0.05555555555555555
0 0.5645520833333334 0.44925925925925925 0.005380208333333333 0.009879629629629629
1 0.1391197916666667 0.4723333333333333 0.019057291666666667 0.056861111111111105
2 0.8325572916666667 0.4999166666666666 0.017171875 0.049185185185185186