2 0.9958333333333333 0.4981481481481482 0.008333333333333333 0.04814814814814815
2 0.5322916666666667 0.6476851851851851 0.017708333333333333 0.04722222222222222
2 0.58828125 0.38657407407407407 0.009895833333333333 0.03425925925925926
3 0.4502239583333333 0.5453703703703704 0.0109375 0.04814814814814815
2 0.34634895833333335 0.45452777777777775 0.009369791666666665 0.039101851851851846
2 0.72578125 0.5513888888888889 0.024479166666666666 0.04722222222222222
2 0.46588541666666666 0.42824074074074076 0.009895833333333333 0.03611111111111111
2 0.47604166666666664 0.48055555555555557 0.011458333333333333 0.04259259259259259
2 0.5364583333333334 0.47453703703703703 0.010416666666666666 0.03981481481481482
2 0.7213541666666666 0.4462962962962963 0.011458333333333333 0.04259259259259259
2 0.5200520833333333 0.6671296296296296 0.0203125 0.05462962962962963
2 0.36380208333333336 0.7875 0.016145833333333335 0.0712962962962963
2 0.825 0.5699074074074074 0.015625 0.05277777777777778
2 0.32109375 0.4777777777777778 0.011979166666666667 0.044444444444444446
2 0.5502604166666667 0.774074074074074 0.021354166666666667 0.06851851851851852
3 0.97890625 0.8106481481481481 0.025520833333333333 0.07314814814814814
2 0.39348958333333334 0.5300925925925926 0.011979166666666667 0.049074074074074076
2 0.7125 0.637962962962963 0.016666666666666666 0.05555555555555555
2 0.3140625 0.5287037037037037 0.011458333333333333 0.05185185185185185
2 0.25494791666666666 0.5523148148148148 0.011979166666666667 0.05092592592592592
2 0.27708333333333335 0.7263888888888889 0.01875 0.06388888888888888
2 0.4791666666666667 0.7375 0.021875 0.06018518518518518
0 0.548890625 0.7939351851851852 0.006791666666666666 0.013722222222222222
3 0.3456458333333333 0.36919444444444444 0.008390625 0.03175925925925926
2 0.34565625 0.4348888888888889 0.007921875 0.035759259259259255