2 0.6123020833333332 0.4135648148148148 0.012624999999999999 0.043083333333333335
2 0.5510416666666667 0.42962962962962964 0.015625 0.044444444444444446
2 0.5618593749999999 0.4064907407407407 0.015859375 0.040768518518518516
2 0.55390625 0.3881851851851852 0.0109375 0.04117592592592593
1 0.151296875 0.45693518518518517 0.010947916666666667 0.0564537037037037
2 0.3718125 0.4699351851851852 0.018880208333333332 0.052833333333333336
2 0.4981770833333333 0.4074074074074074 0.0109375 0.046296296296296294
3 0.87809375 0.9703703703703703 0.021942708333333335 0.05925925925925926
2 0.6223958333333334 0.41064814814814815 0.011458333333333333 0.049074074074074076
2 0.813453125 0.4921944444444445 0.021979166666666668 0.05290740740740741
2 0.46536458333333336 0.4740740740740741 0.013020833333333334 0.04814814814814815
2 0.5630208333333333 0.5986111111111111 0.016666666666666666 0.06388888888888888
2 0.7736979166666667 0.5884259259259259 0.013020833333333334 0.06944444444444445
2 0.28541666666666665 0.5731481481481482 0.011458333333333333 0.05925925925925926
2 0.3380208333333333 0.5064814814814815 0.011458333333333333 0.05555555555555555
2 0.9049479166666666 0.538425925925926 0.013020833333333334 0.06388888888888888
2 0.3140625 0.5162037037037037 0.011458333333333333 0.06018518518518518
2 0.27395833333333336 0.6087962962962963 0.0125 0.062037037037037036
3 0.5505208333333333 0.49583333333333335 0.015625 0.05462962962962963
2 0.4466145833333333 0.48564814814814816 0.013020833333333334 0.05277777777777778
2 0.6950520833333333 0.4791666666666667 0.022395833333333334 0.049074074074074076
2 0.6697916666666667 0.5254629629629629 0.0125 0.058333333333333334
2 0.7401041666666667 0.6412037037037037 0.017708333333333333 0.07314814814814814
0 0.6316458333333334 0.45649999999999996 0.005140624999999999 0.009518518518518518
3 0.5361197916666666 0.34707407407407403 0.010557291666666666 0.040231481481481486