2 0.33195833333333336 0.3568518518518518 0.013911458333333333 0.04148148148148148
3 0.91803125 0.9712962962962963 0.03036458333333333 0.05740740740740741
2 0.21223958333333334 0.4777777777777778 0.013020833333333334 0.05555555555555555
2 0.3815104166666667 0.38935185185185184 0.0140625 0.041666666666666664
1 0.03958333333333333 0.44305555555555554 0.014583333333333334 0.049074074074074076
3 0.39365625000000004 0.465037037037037 0.016473958333333334 0.054037037037037036
2 0.344515625 0.388712962962963 0.015072916666666667 0.03738888888888889
2 0.24401041666666667 0.46620370370370373 0.022395833333333334 0.05092592592592592
2 0.6088541666666667 0.3851851851851852 0.010416666666666666 0.044444444444444446
2 0.6799479166666667 0.49166666666666664 0.011979166666666667 0.05185185185185185
2 0.20182291666666666 0.4837962962962963 0.011979166666666667 0.05277777777777778
2 0.7200520833333334 0.6212962962962963 0.0234375 0.06296296296296296
2 0.5416666666666666 0.4412037037037037 0.010416666666666666 0.049074074074074076
2 0.8447916666666667 0.43842592592592594 0.0125 0.049074074074074076
2 0.24010416666666667 0.4101851851851852 0.014583333333333334 0.046296296296296294
2 0.32734375 0.42083333333333334 0.019270833333333334 0.04351851851851852
2 0.7893229166666667 0.425 0.018229166666666668 0.05185185185185185
2 0.5229166666666667 0.5356481481481481 0.014583333333333334 0.062037037037037036
2 0.815625 0.48657407407407405 0.015625 0.062037037037037036
2 0.64609375 0.6180555555555556 0.0203125 0.06759259259259259
2 0.17864583333333334 0.46944444444444444 0.01875 0.05555555555555555
2 0.7513020833333334 0.5236111111111111 0.0171875 0.06388888888888888
2 0.3455729166666667 0.5013888888888889 0.0203125 0.05462962962962963
3 0.37546874999999996 0.32835185185185184 0.0125 0.039074074074074074
0 0.32449479166666667 0.39125925925925925 0.004572916666666666 0.00873148148148148