2 0.6138020833333333 0.4046296296296296 0.0109375 0.05
2 0.6341145833333334 0.46111111111111114 0.009895833333333333 0.05185185185185185
2 0.6260416666666667 0.4217592592592593 0.010416666666666666 0.04722222222222222
2 0.56328125 0.399537037037037 0.013020833333333334 0.049074074074074076
0 0.5838541666666667 0.6574074074074074 0.00625 0.011111111111111112
2 0.653125 0.42083333333333334 0.011458333333333333 0.05462962962962963
2 0.5203125 0.38657407407407407 0.011458333333333333 0.04722222222222222
2 0.8067708333333333 0.6231481481481481 0.013541666666666667 0.05925925925925926
2 0.79296875 0.6541666666666667 0.019270833333333334 0.06574074074074074
2 0.7104166666666667 0.45740740740740743 0.011458333333333333 0.05185185185185185
1 0.7895833333333333 0.4203703703703704 0.017708333333333333 0.053703703703703705
2 0.6872395833333333 0.43842592592592594 0.0109375 0.05092592592592592
2 0.5859375 0.4759259259259259 0.0125 0.05185185185185185
2 0.47994791666666664 0.42407407407407405 0.0109375 0.05185185185185185
3 0.5010416666666667 0.4587962962962963 0.010416666666666666 0.05648148148148148
2 0.7130208333333333 0.525 0.022916666666666665 0.06481481481481481
2 0.7471354166666667 0.575462962962963 0.021354166666666667 0.062037037037037036
2 0.3546875 0.4287037037037037 0.011458333333333333 0.053703703703703705
2 0.3572916666666667 0.5347222222222222 0.0125 0.06388888888888888
2 0.6518229166666667 0.5949074074074074 0.013020833333333334 0.05277777777777778
2 0.18697916666666667 0.4601851851851852 0.016666666666666666 0.05925925925925926
2 0.5565104166666667 0.6365740740740741 0.0171875 0.075
2 0.21197916666666666 0.624537037037037 0.01875 0.0787037037037037