2 0.5940104166666667 0.34953703703703703 0.0067708333333333336 0.030555555555555555
2 0.6203125 0.42407407407407405 0.008333333333333333 0.04814814814814815
2 0.6154791666666667 0.4334166666666666 0.01334375 0.04242592592592593
2 0.8231770833333333 0.4337962962962963 0.008854166666666666 0.04351851851851852
2 0.5213541666666667 0.3731481481481482 0.00625 0.03148148148148148
2 0.4078125 0.37037037037037035 0.007291666666666667 0.03333333333333333
2 0.7703125 0.39305555555555555 0.008333333333333333 0.03611111111111111
2 0.7479166666666667 0.4027777777777778 0.010416666666666666 0.03888888888888889
3 0.6549479166666666 0.4060185185185185 0.0109375 0.041666666666666664
2 0.41822916666666665 0.5074074074074074 0.011458333333333333 0.053703703703703705
2 0.6432291666666666 0.5023148148148148 0.009375 0.05277777777777778
2 0.86796875 0.5259259259259259 0.011979166666666667 0.05740740740740741
2 0.3416666666666667 0.39675925925925926 0.008333333333333333 0.041666666666666664
2 0.4328125 0.42916666666666664 0.009375 0.041666666666666664
1 0.08046875 0.45925925925925926 0.0171875 0.046296296296296294
2 0.82265625 0.5314814814814814 0.013020833333333334 0.06111111111111111
2 0.20442708333333334 0.44675925925925924 0.008854166666666666 0.04537037037037037
2 0.47109375 0.6236111111111111 0.0140625 0.06574074074074074
2 0.4197916666666667 0.5944444444444444 0.014583333333333334 0.06296296296296296
2 0.8557291666666667 0.5800925925925926 0.015625 0.062037037037037036
2 0.45390625 0.5314814814814814 0.015104166666666667 0.05185185185185185
0 0.25518229166666667 0.5378148148148149 0.00765625 0.014944444444444444
2 0.31542708333333336 0.43327777777777776 0.015145833333333332 0.03830555555555555
3 0.36818229166666666 0.3242777777777778 0.007078125 0.028694444444444443