2 0.6518229166666667 0.3537037037037037 0.0067708333333333336 0.02962962962962963
2 0.4713541666666667 0.3736111111111111 0.009375 0.03611111111111111
2 0.80078125 0.4027777777777778 0.009895833333333333 0.03518518518518519
3 0.6518229166666667 0.41203703703703703 0.013020833333333334 0.040740740740740744
2 0.5645833333333333 0.3814814814814815 0.008333333333333333 0.03518518518518519
1 0.08489583333333334 0.49027777777777776 0.0125 0.04722222222222222
2 0.8088541666666667 0.42407407407407405 0.009375 0.03518518518518519
2 0.32005208333333335 0.3962962962962963 0.0078125 0.03518518518518519
2 0.46901041666666665 0.4537037037037037 0.008854166666666666 0.046296296296296294
2 0.68515625 0.4425925925925926 0.008854166666666666 0.044444444444444446
2 0.6307291666666667 0.4375 0.009375 0.04537037037037037
2 0.20052083333333334 0.46805555555555556 0.0125 0.041666666666666664
2 0.24479166666666666 0.4708333333333333 0.009375 0.049074074074074076
2 0.8419270833333333 0.4375 0.011979166666666667 0.041666666666666664
2 0.6536458333333334 0.5291666666666667 0.011458333333333333 0.05462962962962963
2 0.41067708333333336 0.5074074074074074 0.0140625 0.053703703703703705
2 0.8440104166666667 0.5615740740740741 0.0140625 0.062037037037037036
2 0.8658854166666666 0.5370370370370371 0.015104166666666667 0.05740740740740741
2 0.5979166666666667 0.6888888888888889 0.015625 0.07777777777777778
2 0.5807291666666666 0.5708333333333333 0.017708333333333333 0.058333333333333334
2 0.890625 0.6078703703703704 0.015625 0.06759259259259259
2 0.47161458333333334 0.6166666666666667 0.011979166666666667 0.07222222222222222
0 0.09489062499999999 0.5181481481481481 0.005614583333333333 0.011953703703703704
3 0.4180885416666667 0.32564814814814813 0.006869791666666666 0.0285