2 0.346875 0.33101851851851855 0.007291666666666667 0.03425925925925926
1 0.19869791666666667 0.34305555555555556 0.009895833333333333 0.03611111111111111
2 0.34140625 0.3453703703703704 0.0078125 0.03518518518518519
3 0.4200520833333333 0.2773148148148148 0.0067708333333333336 0.026851851851851852
2 0.44140625 0.3106481481481482 0.005729166666666666 0.028703703703703703
2 0.32734375 0.32685185185185184 0.0078125 0.037037037037037035
2 0.6841145833333333 0.3194444444444444 0.0078125 0.027777777777777776
2 0.5005208333333333 0.31712962962962965 0.007291666666666667 0.03425925925925926
2 0.296875 0.34629629629629627 0.0125 0.03888888888888889
2 0.36276041666666664 0.3541666666666667 0.008854166666666666 0.03611111111111111
2 0.3299479166666667 0.38101851851851853 0.013020833333333334 0.041666666666666664
2 0.3875 0.32731481481481484 0.008333333333333333 0.03981481481481482
2 0.49921875 0.3583055555555556 0.008098958333333333 0.04264814814814815
2 0.56484375 0.3226851851851852 0.0078125 0.03796296296296296
2 0.265625 0.3712962962962963 0.009375 0.044444444444444446
2 0.8002604166666667 0.3472222222222222 0.0078125 0.03888888888888889
2 0.7674479166666667 0.34074074074074073 0.011979166666666667 0.03518518518518519
2 0.8158854166666667 0.4550925925925926 0.011979166666666667 0.058333333333333334
2 0.7997395833333333 0.43796296296296294 0.011979166666666667 0.05740740740740741
2 0.8666666666666667 0.41203703703703703 0.0125 0.05185185185185185
3 0.96484375 0.8717592592592592 0.025520833333333333 0.11203703703703703
3 0.500515625 0.3422962962962963 0.017708333333333333 0.039685185185185184
2 0.46413020833333335 0.2886759259259259 0.011130208333333334 0.027824074074074074
2 0.47581770833333337 0.2962592592592592 0.009286458333333332 0.03158333333333333
0 0.4827447916666667 0.298787037037037 0.004697916666666666 0.008046296296296296