3 0.4809583333333334 0.2898148148148148 0.0067708333333333336 0.027777777777777776
2 0.5026041666666666 0.3509259259259259 0.010416666666666666 0.03518518518518519
2 0.6346354166666667 0.3337962962962963 0.0078125 0.032407407407407406
2 0.55625 0.5986111111111111 0.014583333333333334 0.04351851851851852
2 0.6169270833333333 0.45092592592592595 0.0067708333333333336 0.04259259259259259
2 0.3953125 0.43842592592592594 0.010416666666666666 0.04537037037037037
2 0.2830729166666667 0.674537037037037 0.0109375 0.05092592592592592
2 0.7875 0.3925925925925926 0.009375 0.03888888888888889
2 0.5143229166666666 0.4634259259259259 0.009895833333333333 0.04537037037037037
2 0.6739583333333333 0.4152777777777778 0.00625 0.03981481481481482
2 0.40260416666666665 0.40694444444444444 0.009375 0.04722222222222222
2 0.65 0.7546296296296297 0.014583333333333334 0.07407407407407407
2 0.28359375 0.7282407407407407 0.015104166666666667 0.06759259259259259
2 0.3841145833333333 0.4962962962962963 0.0109375 0.04814814814814815
2 0.6278645833333333 0.47685185185185186 0.008854166666666666 0.05
2 0.6921875 0.5236111111111111 0.013541666666666667 0.04537037037037037
1 0.1671875 0.4064814814814815 0.010416666666666666 0.04259259259259259
3 0.9736979166666667 0.9625 0.0171875 0.075
2 0.37447916666666664 0.4962962962962963 0.008333333333333333 0.05185185185185185
2 0.49270833333333336 0.3976851851851852 0.007291666666666667 0.03981481481481482
3 0.47317708333333336 0.4791666666666667 0.0109375 0.05092592592592592
2 0.44557291666666665 0.5296296296296297 0.013020833333333334 0.05
2 0.8348958333333333 0.5486111111111112 0.020833333333333332 0.05277777777777778
0 0.8345781250000001 0.5702962962962963 0.005802083333333334 0.01135185185185185