2 0.5520937499999999 0.3538148148148148 0.012520833333333333 0.03680555555555556
2 0.6763020833333333 0.40370370370370373 0.009895833333333333 0.03888888888888889
2 0.68359375 0.425 0.009895833333333333 0.03518518518518519
2 0.7104166666666667 0.399537037037037 0.009375 0.041666666666666664
2 0.5579583333333333 0.3870648148148148 0.010708333333333332 0.04264814814814815
2 0.33307291666666666 0.37546296296296294 0.009895833333333333 0.03796296296296296
3 0.121875 0.36203703703703705 0.010416666666666666 0.03888888888888889
2 0.66796875 0.350462962962963 0.0078125 0.03796296296296296
1 0.8453125 0.39351851851851855 0.009375 0.04259259259259259
2 0.17239583333333333 0.44675925925925924 0.008333333333333333 0.04537037037037037
2 0.75859375 0.4356481481481482 0.009895833333333333 0.04722222222222222
2 0.73984375 0.4263888888888889 0.009895833333333333 0.04722222222222222
2 0.3893229166666667 0.3648148148148148 0.0078125 0.03888888888888889
2 0.125 0.44305555555555554 0.01875 0.05462962962962963
2 0.43776041666666665 0.42314814814814816 0.013020833333333334 0.046296296296296294
3 0.52109375 0.3814814814814815 0.0140625 0.040740740740740744
2 0.8255208333333334 0.4675925925925926 0.0125 0.05740740740740741
2 0.623671875 0.3691111111111111 0.00984375 0.041833333333333333
2 0.36953125 0.44907407407407407 0.0140625 0.046296296296296294
2 0.17708333333333334 0.4773148148148148 0.0125 0.05092592592592592
2 0.45078125 0.5652777777777778 0.0265625 0.058333333333333334
2 0.6994791666666667 0.45092592592592595 0.016666666666666666 0.04814814814814815
2 0.5559791666666667 0.33862037037037035 0.008645833333333333 0.032685185185185185