2 0.556421875 0.3515462962962963 0.010765625000000001 0.030685185185185187
2 0.3807291666666667 0.3768518518518518 0.009375 0.040740740740740744
2 0.6302083333333334 0.38333333333333336 0.010416666666666666 0.037037037037037035
2 0.3949270833333333 0.39235185185185184 0.008598958333333333 0.043731481481481475
2 0.39348958333333334 0.4305555555555556 0.0078125 0.044444444444444446
2 0.4306302083333333 0.4441851851851852 0.017906250000000002 0.050509259259259254
2 0.4231770833333333 0.48518518518518516 0.015104166666666667 0.053703703703703705
2 0.3065104166666667 0.500462962962963 0.013020833333333334 0.05277777777777778
2 0.646875 0.41805555555555557 0.0125 0.04351851851851852
2 0.37786458333333334 0.4615740740740741 0.019270833333333334 0.05277777777777778
3 0.45677083333333335 0.4678055555555556 0.011458333333333333 0.05185185185185185
1 0.8467812499999999 0.43137037037037035 0.011645833333333333 0.04607407407407407
1 0.0640625 0.4263888888888889 0.014583333333333334 0.05277777777777778
2 0.5752604166666667 0.5203703703703704 0.0109375 0.05555555555555555
3 0.8065104166666667 0.8282407407407407 0.027604166666666666 0.09722222222222222
2 0.7666666666666667 0.5796296296296296 0.013541666666666667 0.06481481481481481
0 0.84165625 0.44615740740740745 0.005427083333333333 0.009870370370370371
2 0.628671875 0.36438888888888893 0.008776041666666668 0.03553703703703704
2 0.36164583333333333 0.4200277777777778 0.011338541666666667 0.045703703703703705
2 0.34101041666666665 0.41428703703703706 0.010723958333333334 0.03761111111111111
2 0.35408333333333336 0.41507407407407404 0.010130208333333333 0.04541666666666666
2 0.3478645833333333 0.40037962962962964 0.008671874999999999 0.04148148148148148
2 0.339625 0.45638888888888884 0.013375 0.04621296296296296
2 0.33234895833333333 0.44780555555555557 0.009625 0.041324074074074076
2 0.33025000000000004 0.4295 0.008927083333333334 0.038620370370370374
3 0.40224479166666666 0.3318425925925926 0.006661458333333333 0.028935185185185185