3 0.15390625 0.32916666666666666 0.008854166666666666 0.03611111111111111
2 0.34863020833333336 0.33505555555555555 0.013156250000000001 0.033074074074074075
2 0.36016666666666663 0.33716666666666667 0.009973958333333333 0.03721296296296296
2 0.7533854166666667 0.32222222222222224 0.0078125 0.037037037037037035
2 0.7127604166666667 0.3351851851851852 0.009895833333333333 0.03888888888888889
2 0.2682291666666667 0.3587962962962963 0.009375 0.03796296296296296
2 0.37994791666666666 0.3574074074074074 0.013020833333333334 0.040740740740740744
1 0.9083333333333333 0.36944444444444446 0.011458333333333333 0.046296296296296294
2 0.72578125 0.3425925925925926 0.0078125 0.04259259259259259
2 0.36354166666666665 0.4 0.009375 0.044444444444444446
3 0.6026041666666667 0.35138888888888886 0.011458333333333333 0.04351851851851852
2 0.5776041666666667 0.3449074074074074 0.007291666666666667 0.03981481481481482
2 0.5450520833333333 0.37407407407407406 0.0109375 0.03888888888888889
2 0.6276041666666666 0.38425925925925924 0.011458333333333333 0.044444444444444446
2 0.5859375 0.38564814814814813 0.009375 0.04722222222222222
2 0.80546875 0.41944444444444445 0.0140625 0.05
2 0.7888020833333333 0.44212962962962965 0.015104166666666667 0.04722222222222222
2 0.14583333333333334 0.4125 0.0125 0.05277777777777778
2 0.46067708333333335 0.42962962962962964 0.0078125 0.05
2 0.18854166666666666 0.5310185185185186 0.016666666666666666 0.06759259259259259
2 0.16510416666666666 0.48148148148148145 0.011458333333333333 0.06111111111111111
2 0.39921875 0.549537037037037 0.019270833333333334 0.06018518518518518