2 0.5494791666666666 0.35138888888888886 0.010416666666666666 0.03796296296296296
2 0.22578125 0.3921296296296296 0.0078125 0.05092592592592592
2 0.33697916666666666 0.36574074074074076 0.009375 0.040740740740740744
2 0.58515625 0.3402777777777778 0.013020833333333334 0.04351851851851852
2 0.5598958333333334 0.39444444444444443 0.010416666666666666 0.044444444444444446
2 0.73515625 0.3537037037037037 0.009895833333333333 0.044444444444444446
2 0.28958333333333336 0.4125 0.010416666666666666 0.049074074074074076
2 0.29296875 0.4550925925925926 0.013020833333333334 0.049074074074074076
2 0.5388020833333333 0.4013888888888889 0.009895833333333333 0.049074074074074076
1 0.8559895833333333 0.3712962962962963 0.013020833333333334 0.046296296296296294
2 0.35494791666666664 0.40324074074074073 0.013020833333333334 0.05092592592592592
2 0.13776041666666666 0.44212962962962965 0.015104166666666667 0.05648148148148148
2 0.47994791666666664 0.38425925925925924 0.008854166666666666 0.046296296296296294
3 0.44895833333333335 0.4305555555555556 0.009375 0.05555555555555555
2 0.8203125 0.47314814814814815 0.009375 0.06111111111111111
2 0.10416666666666667 0.5018518518518519 0.013541666666666667 0.06666666666666667
2 0.16432291666666668 0.5481481481481482 0.0171875 0.06296296296296296
2 0.6361979166666667 0.44722222222222224 0.0140625 0.05925925925925926
2 0.14375 0.5148148148148148 0.016666666666666666 0.06851851851851852
2 0.32317708333333334 0.5055555555555555 0.0109375 0.06111111111111111
2 0.48046875 0.5254629629629629 0.018229166666666668 0.06018518518518518
2 0.6356770833333333 0.5578703703703703 0.013020833333333334 0.06759259259259259
0 0.7321822916666666 0.3734166666666667 0.005307291666666667 0.010222222222222221
3 0.136109375 0.3501944444444444 0.009958333333333335 0.04477777777777778