2 0.5953125 0.2569444444444444 0.011458333333333333 0.03611111111111111
2 0.5638020833333334 0.3013888888888889 0.0109375 0.028703703703703703
2 0.69609375 0.24351851851851852 0.0109375 0.037037037037037035
2 0.7317708333333334 0.2537037037037037 0.008333333333333333 0.040740740740740744
2 0.26276041666666666 0.25324074074074077 0.0067708333333333336 0.03981481481481482
2 0.43020833333333336 0.24814814814814815 0.009375 0.037037037037037035
2 0.2795625 0.2771666666666666 0.016916666666666667 0.04321296296296297
3 0.22395833333333334 0.23016666666666669 0.013541666666666667 0.03611111111111111
2 0.7549479166666667 0.2712962962962963 0.011979166666666667 0.040740740740740744
2 0.6463541666666667 0.36574074074074076 0.011458333333333333 0.05740740740740741
2 0.7713541666666667 0.2851851851851852 0.010416666666666666 0.05
2 0.8315104166666667 0.3439814814814815 0.011979166666666667 0.06018518518518518
2 0.6369791666666667 0.29259259259259257 0.010416666666666666 0.04814814814814815
2 0.56171875 0.33564814814814814 0.013020833333333334 0.05462962962962963
3 0.51796875 0.30694444444444446 0.0109375 0.05277777777777778
2 0.4705729166666667 0.33935185185185185 0.0109375 0.05462962962962963
2 0.3736979166666667 0.41712962962962963 0.015104166666666667 0.062037037037037036
2 0.7122395833333334 0.35138888888888886 0.0109375 0.058333333333333334
2 0.803125 0.4351851851851852 0.014583333333333334 0.06851851851851852
2 0.12369791666666667 0.32314814814814813 0.0140625 0.053703703703703705
2 0.5885416666666666 0.4273148148148148 0.014583333333333334 0.06759259259259259
2 0.8598958333333333 0.43425925925925923 0.0125 0.06666666666666667
0 0.41555729166666666 0.26864814814814814 0.004828125 0.01000925925925926