2 0.5122395833333333 0.28055555555555556 0.009895833333333333 0.03518518518518519
2 0.6210260416666666 0.31306481481481485 0.015260416666666667 0.03169444444444444
2 0.5760416666666667 0.29074074074074074 0.007291666666666667 0.025925925925925925
2 0.5018229166666667 0.29305555555555557 0.0067708333333333336 0.03611111111111111
2 0.4630208333333333 0.29583333333333334 0.007291666666666667 0.030555555555555555
2 0.6895833333333333 0.44212962962962965 0.009375 0.04722222222222222
2 0.4864583333333333 0.4273148148148148 0.009375 0.04722222222222222
2 0.47994791666666664 0.3111111111111111 0.0067708333333333336 0.03518518518518519
3 0.48333333333333334 0.38333333333333336 0.008333333333333333 0.040740740740740744
2 0.77890625 0.32037037037037036 0.011979166666666667 0.037037037037037035
2 0.42265625 0.34675925925925927 0.011979166666666667 0.03425925925925926
2 0.7739583333333333 0.375 0.009375 0.046296296296296294
2 0.37395833333333334 0.31851851851851853 0.007291666666666667 0.03518518518518519
2 0.22161458333333334 0.45740740740740743 0.008854166666666666 0.044444444444444446
2 0.4029166666666667 0.3587962962962963 0.019171875 0.041666666666666664
2 0.30052083333333335 0.375 0.007291666666666667 0.044444444444444446
2 0.6127604166666667 0.3523148148148148 0.008854166666666666 0.03611111111111111
2 0.7015625 0.5217592592592593 0.009375 0.05092592592592592
2 0.7330729166666666 0.44722222222222224 0.009895833333333333 0.04814814814814815
2 0.33203125 0.4078703703703704 0.013020833333333334 0.04537037037037037
1 0.09427083333333333 0.3851851851851852 0.011458333333333333 0.046296296296296294
2 0.37838541666666664 0.5300925925925926 0.013020833333333334 0.05648148148148148
0 0.5705572916666667 0.3003148148148148 0.0036302083333333334 0.00798148148148148
3 0.39096354166666664 0.26837037037037037 0.00746875 0.031231481481481478