2 0.4861979166666667 0.2199074074074074 0.0067708333333333336 0.032407407407407406
2 0.39166666666666666 0.3314814814814815 0.00625 0.03888888888888889
2 0.6966145833333334 0.2810185185185185 0.008854166666666666 0.03425925925925926
0 0.6713541666666667 0.5851851851851851 0.007291666666666667 0.011111111111111112
2 0.43463541666666666 0.26851851851851855 0.009895833333333333 0.03333333333333333
1 0.17473958333333334 0.3439814814814815 0.009895833333333333 0.04537037037037037
2 0.37838541666666664 0.3449074074074074 0.008854166666666666 0.041666666666666664
2 0.5315104166666667 0.36898148148148147 0.0078125 0.04722222222222222
2 0.84140625 0.4324074074074074 0.011979166666666667 0.05185185185185185
2 0.39036458333333335 0.37546296296296294 0.011979166666666667 0.04537037037037037
2 0.46875 0.36898148148148147 0.008333333333333333 0.03981481481481482
2 0.5208333333333334 0.3537037037037037 0.009375 0.04814814814814815
2 0.3765625 0.4486111111111111 0.0125 0.049074074074074076
2 0.3294270833333333 0.4449074074074074 0.009895833333333333 0.05092592592592592
2 0.5927083333333333 0.47824074074074074 0.015625 0.058333333333333334
2 0.659375 0.40370370370370373 0.0125 0.05
3 0.9190104166666667 0.9745370370370371 0.016145833333333335 0.049074074074074076
3 0.41119791666666666 0.44722222222222224 0.0109375 0.05
2 0.5729166666666666 0.575925925925926 0.016666666666666666 0.05555555555555555
2 0.25729166666666664 0.6342592592592593 0.015625 0.06666666666666667
2 0.7171875 0.6532407407407408 0.016666666666666666 0.0712962962962963
2 0.3375 0.8240740740740741 0.021875 0.07407407407407407
2 0.6385416666666667 0.5013888888888889 0.023958333333333335 0.05277777777777778
2 0.3658854166666667 0.5162037037037037 0.0109375 0.05462962962962963