3 0.4663020833333333 0.2033425925925926 0.0090625 0.03211111111111111
2 0.6765625 0.2708333333333333 0.007291666666666667 0.032407407407407406
0 0.8927083333333333 0.513425925925926 0.00625 0.010185185185185186
2 0.42239583333333336 0.26944444444444443 0.011458333333333333 0.037037037037037035
2 0.3703125 0.34629629629629627 0.009375 0.044444444444444446
2 0.5075520833333333 0.3541666666666667 0.0109375 0.04351851851851852
2 0.5205729166666667 0.3814814814814815 0.009895833333333333 0.05185185185185185
2 0.39505208333333336 0.3296296296296296 0.0067708333333333336 0.040740740740740744
1 0.13700520833333335 0.35487037037037034 0.012552083333333333 0.05049074074074074
2 0.43723958333333335 0.500462962962963 0.0140625 0.058333333333333334
2 0.5565104166666667 0.4675925925925926 0.0109375 0.06296296296296296
2 0.7200520833333334 0.41574074074074074 0.0109375 0.05
2 0.4080729166666667 0.38796296296296295 0.013020833333333334 0.046296296296296294
3 0.3854166666666667 0.475 0.016666666666666666 0.053703703703703705
2 0.37734375 0.38657407407407407 0.011979166666666667 0.05092592592592592
2 0.71171875 0.6106481481481482 0.011979166666666667 0.06759259259259259
2 0.41015625 0.8560185185185185 0.0171875 0.07685185185185185
2 0.2950520833333333 0.47685185185185186 0.013020833333333334 0.05925925925925926
2 0.5221354166666666 0.5037037037037037 0.0140625 0.05925925925925926
2 0.2890625 0.6796296296296296 0.022916666666666665 0.07962962962962963
2 0.3723958333333333 0.5166666666666667 0.01875 0.06111111111111111
2 0.9200520833333333 0.4685185185185185 0.022395833333333334 0.05555555555555555
2 0.7752604166666667 0.6203703703703703 0.016145833333333335 0.07222222222222222
2 0.452859375 0.21325 0.009046875000000001 0.03241666666666666