2 0.26640625 0.23472222222222222 0.009895833333333333 0.049074074074074076
2 0.35572916666666665 0.20879629629629629 0.0125 0.04722222222222222
2 0.26848958333333334 0.33287037037037037 0.0140625 0.05462962962962963
2 0.1234375 0.37175925925925923 0.014583333333333334 0.05462962962962963
2 0.34270833333333334 0.3106481481481482 0.010416666666666666 0.058333333333333334
2 0.12552083333333333 0.42083333333333334 0.015625 0.07314814814814814
2 0.6375 0.25 0.009375 0.05185185185185185
2 0.4044270833333333 0.2875 0.009895833333333333 0.05277777777777778
1 0.87265625 0.32175925925925924 0.013020833333333334 0.058333333333333334
2 0.48151041666666666 0.3490740740740741 0.013020833333333334 0.06481481481481481
2 0.5096354166666667 0.2777777777777778 0.0109375 0.053703703703703705
2 0.4484375 0.35833333333333334 0.0125 0.05925925925925926
2 0.6643229166666667 0.3560185185185185 0.018229166666666668 0.06018518518518518
2 0.16744791666666667 0.31712962962962965 0.0171875 0.05648148148148148
3 0.2760416666666667 0.37916666666666665 0.014583333333333334 0.0712962962962963
2 0.13828125 0.4625 0.016145833333333335 0.0787037037037037
2 0.4635416666666667 0.46111111111111114 0.019791666666666666 0.07407407407407407
2 0.3143229166666667 0.38935185185185184 0.018229166666666668 0.06574074074074074
2 0.8263020833333333 0.46805555555555556 0.0171875 0.075
2 0.17890625 0.49074074074074076 0.019270833333333334 0.07222222222222222
2 0.15833333333333333 0.5976851851851852 0.029166666666666667 0.09166666666666666
2 0.4895833333333333 0.7513888888888889 0.027083333333333334 0.10277777777777777
3 0.19528645833333333 0.2038611111111111 0.012213541666666666 0.04998148148148148
0 0.6614687499999999 0.3675555555555555 0.005984375 0.011111111111111112