2 0.175 0.3921296296296296 0.009375 0.04537037037037037
2 0.30833333333333335 0.3106481481481482 0.007291666666666667 0.032407407407407406
2 0.20989583333333334 0.4185185185185185 0.009375 0.046296296296296294
1 0.8338541666666667 0.36018518518518516 0.015625 0.04259259259259259
2 0.4192708333333333 0.4125 0.010416666666666666 0.049074074074074076
2 0.39557291666666666 0.35324074074074074 0.0067708333333333336 0.03981481481481482
3 0.36041666666666666 0.4083333333333333 0.010416666666666666 0.04814814814814815
2 0.2760416666666667 0.48935185185185187 0.009375 0.05462962962962963
2 0.23411458333333332 0.475462962962963 0.016145833333333335 0.05462962962962963
2 0.5895833333333333 0.3101851851851852 0.007291666666666667 0.037037037037037035
2 0.08828125 0.4601851851851852 0.013020833333333334 0.05185185185185185
2 0.10572916666666667 0.47685185185185186 0.0125 0.05740740740740741
2 0.24947916666666667 0.41435185185185186 0.009375 0.04537037037037037
2 0.46640625 0.42777777777777776 0.013020833333333334 0.046296296296296294
2 0.13098958333333333 0.5842592592592593 0.0140625 0.06481481481481481
2 0.16692708333333334 0.6546296296296297 0.015104166666666667 0.07592592592592592
2 0.08333333333333333 0.549537037037037 0.014583333333333334 0.06388888888888888
2 0.4322916666666667 0.49953703703703706 0.014583333333333334 0.05648148148148148
2 0.3854166666666667 0.6990740740740741 0.016666666666666666 0.07962962962962963
3 0.09528645833333332 0.3109444444444444 0.011380208333333334 0.038398148148148147
2 0.10614583333333334 0.40314814814814814 0.014812500000000001 0.05214814814814815
2 0.19150520833333334 0.335037037037037 0.013770833333333335 0.042694444444444445
2 0.9885833333333333 0.43360185185185185 0.013588541666666667 0.05499074074074074
0 0.9559895833333333 0.4473611111111111 0.005489583333333333 0.009453703703703704