2 0.6109375 0.29583333333333334 0.014583333333333334 0.049074074074074076
2 0.65546875 0.2611111111111111 0.0109375 0.044444444444444446
1 0.962734375 0.28055555555555556 0.0140625 0.04814814814814815
2 0.7401041666666667 0.29814814814814816 0.01875 0.05
2 0.7244791666666667 0.27037037037037037 0.010416666666666666 0.05
2 0.6489583333333333 0.3050925925925926 0.013541666666666667 0.05092592592592592
2 0.14036458333333332 0.375 0.015104166666666667 0.06296296296296296
2 0.5078125 0.24953703703703703 0.022916666666666665 0.04351851851851852
2 0.75234375 0.3050925925925926 0.013020833333333334 0.05277777777777778
2 0.6119791666666666 0.3787037037037037 0.014583333333333334 0.05925925925925926
2 0.7265625 0.44166666666666665 0.021875 0.07037037037037037
2 0.26901041666666664 0.2638888888888889 0.016145833333333335 0.046296296296296294
2 0.15677083333333333 0.36898148148148147 0.013541666666666667 0.06018518518518518
2 0.41770833333333335 0.32222222222222224 0.016666666666666666 0.05925925925925926
2 0.6877604166666667 0.4074074074074074 0.030729166666666665 0.05555555555555555
2 0.19244791666666666 0.31342592592592594 0.0140625 0.05648148148148148
3 0.446875 0.2967592592592593 0.014583333333333334 0.05462962962962963
2 0.6682291666666667 0.4310185185185185 0.025 0.0712962962962963
2 0.47734375 0.4949074074074074 0.018229166666666668 0.075
2 0.14869791666666668 0.4148148148148148 0.0203125 0.07222222222222222
2 0.5408854166666667 0.3814814814814815 0.0171875 0.06111111111111111
2 0.3333333333333333 0.3143518518518518 0.020833333333333332 0.05277777777777778
0 0.6586197916666666 0.27913888888888894 0.005135416666666667 0.009305555555555556