2 0.42994791666666665 0.21388888888888888 0.0140625 0.03888888888888889
2 0.3177083333333333 0.27870370370370373 0.0125 0.05
2 0.30520833333333336 0.325 0.010416666666666666 0.05740740740740741
2 0.1515625 0.37407407407407406 0.019791666666666666 0.06481481481481481
2 0.7213541666666666 0.27824074074074073 0.016666666666666666 0.05277777777777778
2 0.223015625 0.42338888888888887 0.026885416666666665 0.06344444444444444
2 0.5153645833333333 0.2833333333333333 0.009895833333333333 0.05185185185185185
2 0.19088541666666667 0.29953703703703705 0.0171875 0.05648148148148148
2 0.49166666666666664 0.3509259259259259 0.013541666666666667 0.06296296296296296
2 0.48125 0.3541666666666667 0.013541666666666667 0.062037037037037036
2 0.2708333333333333 0.3226851851851852 0.017708333333333333 0.05277777777777778
2 0.15078125 0.412962962962963 0.016145833333333335 0.07407407407407407
2 0.25807291666666665 0.39675925925925926 0.0140625 0.06759259259259259
2 0.24609375 0.4532407407407407 0.022395833333333334 0.06944444444444445
2 0.44817708333333334 0.46111111111111114 0.015104166666666667 0.07222222222222222
2 0.8934895833333333 0.4777777777777778 0.019270833333333334 0.07407407407407407
3 0.3229166666666667 0.3773796296296296 0.013541666666666667 0.06759259259259259
1 0.8963541666666667 0.3282407407407407 0.014583333333333334 0.058333333333333334
2 0.5200520833333333 0.7287037037037037 0.016145833333333335 0.10185185185185185
2 0.13671875 0.4356481481481482 0.018229166666666668 0.07314814814814814
2 0.22291666666666668 0.6074074074074074 0.023958333333333335 0.09074074074074075
3 0.19375 0.2167037037037037 0.010822916666666666 0.043166666666666666
0 0.7049895833333333 0.3003611111111111 0.005885416666666667 0.010953703703703703
2 0.32547916666666665 0.24162037037037035 0.011776041666666666 0.04561111111111111